6.2832 0.0000 100.0000 39.4784
6.2832 1.7453 91.8365 60.0706
6.2832 5.2360 21.1930 61.1672
6.2832 6.9813 -14.1287 61.6546
6.2832 5.2360 21.1930 62.7512
6.2832 3.4907 56.5148 70.5494
6.2832 4.3633 38.8539 74.2353
6.2832 5.2360 21.1930 75.3319
6.2832 6.1087 3.5322 75.3623
6.2832 3.4907 56.5148 83.1606
6.2832 3.4907 56.5147 90.9588
6.2832 5.2360 21.1931 92.0554
6.2832 5.2360 21.1930 93.1520
6.2832 4.3633 38.8539 96.8379
6.2832 4.3633 38.8538 100.5237
6.2832 4.3633 38.8539 104.2096
6.2832 6.9813 -14.1287 104.6970
6.2832 4.3633 38.8540 108.3829
6.2832 2.6180 74.1754 121.8165
6.2832 5.2360 21.1931 122.9131
6.2832 5.2360 21.1930 124.0097
6.2832 4.3633 38.8538 127.6956
6.2832 4.3633 38.8539 131.3814
6.2832 5.2360 21.1931 132.4781
6.2832 6.1087 3.5322 132.5085
6.2832 3.4907 56.5147 140.3067
6.2832 3.4907 56.5149 148.1050
6.2832 5.2360 21.1929 149.2016
6.2832 5.2360 21.1929 150.2982
6.2832 4.3633 38.8541 153.9841
6.2832 4.3633 38.8537 157.6699
6.2832 4.3633 38.8539 161.3558
6.2832 6.1086 3.5324 161.3862
6.2832 5.2360 21.1929 162.4828
6.2832 3.4907 56.5147 170.2810
6.2832 4.3633 38.8539 173.9669
6.2832 4.3633 38.8539 177.6528
6.2832 5.2360 21.1931 178.7494
6.2832 5.2360 21.1927 179.8460
6.2832 4.3633 38.8541 183.5319
6.2832 6.1087 3.5322 183.5624
6.2832 3.4907 56.5149 191.3606
6.2832 4.3633 38.8539 195.0465
6.2832 4.3633 38.8537 198.7323
6.2832 5.2360 21.1931 199.8289
6.2832 5.2360 21.1931 200.9256
6.2832 3.4907 56.5147 208.7238
6.2832 5.2360 21.1927 209.8203
6.2832 6.1086 3.5324 209.8508
6.2832 3.4907 56.5147 217.6490
6.2832 4.3633 38.8539 221.3349
6.2832 4.3633 38.8539 225.0207
6.2832 4.3633 38.8539 228.7066
6.2832 5.2360 21.1931 229.8032
6.2832 5.2360 21.1931 230.8999
6.2832 4.3633 38.8539 234.5857
6.2832 5.2360 21.1931 235.6824
6.2832 4.3633 38.8534 239.3681
6.2832 4.3633 38.8539 243.0540
6.2832 4.3633 38.8539 246.7399
6.2832 5.2360 21.1931 247.8365
6.2832 4.3633 38.8539 251.5224
6.2832 4.3633 38.8539 255.2083
6.2832 5.2360 21.1927 256.3048
6.2832 6.1086 3.5324 256.3353
6.2832 3.4907 56.5147 264.1335
6.2832 3.4906 56.5151 271.9318
6.2832 5.2360 21.1927 273.0284
6.2832 5.2360 21.1927 274.1250
6.2832 4.3633 38.8544 277.8109
6.2832 4.3633 38.8539 281.4968
6.2832 4.3633 38.8534 285.1826
6.2832 5.2360 21.1936 286.2793
6.2832 6.9813 -14.1293 286.7667
6.2832 3.4906 56.5151 294.5650
6.2832 3.4907 56.5147 302.3632
6.2832 4.3633 38.8539 306.0491
6.2832 5.2360 21.1931 307.1458
6.2832 5.2360 21.1927 308.2423
6.2832 4.3633 38.8544 311.9283
6.2832 5.2360 21.1927 313.0249
6.2832 4.3633 38.8539 316.7108
6.2832 4.3633 38.8544 320.3968
6.2832 5.2360 21.1927 321.4933
6.2832 4.3633 38.8544 325.1793
6.2832 4.3633 38.8534 328.8651
6.2832 4.3633 38.8539 332.5510
6.2832 5.2360 21.1936 333.6477
6.2832 6.1087 3.5309 333.6781
6.2832 3.4906 56.5161 341.4767
6.2832 3.4907 56.5142 349.2747
6.2832 5.2360 21.1927 350.3713
6.2832 5.2360 21.1936 351.4680
6.2832 4.3633 38.8534 355.1538
6.2832 4.3633 38.8534 358.8396
6.2832 4.3633 38.8544 362.5256
6.2832 5.2360 21.1927 363.6222
6.2832 6.9813 -14.1279 364.1095
6.2832 3.4907 56.5142 371.9076
6.2832 2.6180 74.1759 385.3413
6.2832 5.2360 21.1927 386.4379
6.2832 6.1087 3.5319 386.4684
6.2832 4.3633 38.8544 390.1543
6.2832 4.3633 38.8534 393.8401
6.2832 4.3633 38.8544 397.5261
6.2832 6.9813 -14.1288 398.0135
6.2832 3.4907 56.5142 405.8116
6.2832 4.3633 38.8544 409.4975
6.2832 4.3633 38.8544 413.1835
6.2832 5.2360 21.1927 414.2801
6.2832 4.3633 38.8544 417.9661
6.2832 4.3633 38.8534 421.6519
6.2832 6.9813 -14.1288 422.1393
6.2832 3.4906 56.5151 429.9376
6.2832 4.3633 38.8534 433.6234
6.2832 4.3633 38.8544 437.3093
6.2832 5.2360 21.1927 438.4059
6.2832 4.3633 38.8534 442.0917
6.2832 4.3633 38.8544 445.7777
6.2832 5.2360 21.1927 446.8743
6.2832 5.2360 21.1936 447.9709
6.2832 4.3633 38.8534 451.6567
6.2832 4.3633 38.8544 455.3427
6.2832 4.3633 38.8534 459.0285
6.2832 4.3633 38.8544 462.7145
6.2832 5.2360 21.1927 463.8111
6.2832 5.2360 21.1927 464.9077
6.2832 4.3633 38.8544 468.5936
6.2832 6.1087 3.5319 468.6241
6.2832 3.4906 56.5151 476.4224
6.2832 3.4907 56.5142 484.2205
6.2832 5.2360 21.1927 485.3170
6.2832 5.2359 21.1946 486.4138
6.2832 5.2360 21.1927 487.5104
6.2832 3.4907 56.5142 495.3085
6.2832 4.3633 38.8534 498.9943
6.2832 7.8539 -31.7886 501.4615
6.2832 3.4906 56.5151 509.2598
6.2832 3.4907 56.5142 517.0579
6.2832 4.3633 38.8534 520.7437
6.2832 5.2360 21.1927 521.8402
6.2832 4.3633 38.8534 525.5260
6.2832 5.2359 21.1946 526.6228
6.2832 4.3633 38.8534 530.3086
6.2832 6.1087 3.5319 530.3391
6.2832 4.3633 38.8534 534.0248
6.2832 3.4906 56.5151 541.8232
6.2832 4.3633 38.8544 545.5092
6.2832 5.2360 21.1927 546.6057
6.2832 5.2360 21.1927 547.7023
6.2832 4.3633 38.8544 551.3882
6.2832 4.3633 38.8534 555.0740
6.2832 6.1086 3.5329 555.1045
6.2832 4.3633 38.8534 558.7903
6.2832 4.3633 38.8544 562.4763
6.2832 4.3633 38.8534 566.1620
6.2832 4.3633 38.8534 569.8478
6.2832 5.2359 21.1946 570.9446
6.2832 4.3633 38.8534 574.6304
6.2832 5.2360 21.1927 575.7270
6.2832 4.3633 38.8534 579.4128
6.2832 5.2360 21.1927 580.5093
6.2832 4.3633 38.8554 584.1955
6.2832 4.3633 38.8534 587.8813
6.2832 4.3633 38.8534 591.5671
6.2832 5.2360 21.1927 592.6636
6.2832 4.3633 38.8544 596.3496
6.2832 5.2360 21.1927 597.4462
6.2832 4.3633 38.8544 601.1321
6.2832 5.2360 21.1927 602.2287
6.2832 4.3633 38.8544 605.9147
6.2832 4.3633 38.8534 609.6005
6.2832 4.3633 38.8534 613.2863
6.2832 5.2360 21.1936 614.3829
6.2832 4.3633 38.8534 618.0687
6.2832 5.2360 21.1936 619.1654
6.2832 4.3633 38.8534 622.8512
6.2832 5.2360 21.1936 623.9479
6.2832 4.3633 38.8534 627.6337
6.2832 4.3633 38.8534 631.3195
6.2832 4.3633 38.8554 635.0056
6.2832 5.2361 21.1917 636.1021
6.2832 4.3633 38.8534 639.7879
6.2832 4.3633 38.8554 643.4741
6.2832 5.2360 21.1936 644.5707
6.2832 6.1087 3.5319 644.6012
6.2832 4.3633 38.8534 648.2870
6.2832 3.4907 56.5132 656.0848
6.2832 3.4906 56.5151 663.8831
6.2832 6.1086 3.5338 663.9136
6.2832 5.2361 21.1917 665.0101
6.2832 4.3633 38.8534 668.6959
6.2832 3.4906 56.5151 676.4943
6.2832 6.9813 -14.1279 676.9816
6.2832 4.3633 38.8534 680.6674
6.2832 4.3633 38.8534 684.3531
6.2832 3.4906 56.5151 692.1515
6.2832 5.2360 21.1936 693.2482
6.2832 5.2360 21.1936 694.3448
6.2832 4.3633 38.8534 698.0306
6.2832 4.3633 38.8534 701.7164
6.2832 6.1087 3.5319 701.7469
6.2832 4.3633 38.8534 705.4327
6.2832 4.3633 38.8534 709.1185
6.2832 4.3633 38.8554 712.8046
6.2832 4.3633 38.8534 716.4904
6.2832 5.2360 21.1936 717.5871
6.2832 5.2361 21.1917 718.6836
6.2832 4.3633 38.8534 722.3694
6.2832 5.2359 21.1956 723.4662
6.2832 3.4907 56.5132 731.2640
6.2832 5.2360 21.1936 732.3607
6.2832 4.3633 38.8534 736.0465
6.2832 4.3633 38.8534 739.7323
6.2832 5.2360 21.1936 740.8290
6.2832 4.3633 38.8534 744.5148
6.2832 4.3633 38.8534 748.2006
6.2832 6.9813 -14.1279 748.6879
6.2832 4.3633 38.8534 752.3737
6.2832 3.4906 56.5151 760.1720
6.2832 4.3633 38.8534 763.8578
6.2832 5.2360 21.1936 764.9545
6.2832 4.3633 38.8534 768.6403
6.2832 4.3633 38.8534 772.3260
6.2832 5.2360 21.1936 773.4227
6.2832 6.1087 3.5319 773.4532
6.2832 4.3633 38.8554 777.1393
6.2832 3.4907 56.5132 784.9371
6.2832 3.4906 56.5151 792.7355
6.2832 5.2360 21.1936 793.8322
6.2832 6.1087 3.5319 793.8626
6.2832 4.3633 38.8534 797.5484
6.2832 3.4906 56.5151 805.3467
6.2832 6.9814 -14.1298 805.8342
6.2832 4.3633 38.8554 809.5204
6.2832 3.4906 56.5151 817.3187
6.2832 4.3633 38.8534 821.0045
6.2832 5.2361 21.1917 822.1010
6.2832 5.2360 21.1936 823.1977
6.2832 4.3633 38.8554 826.8839
6.2832 4.3633 38.8534 830.5696
6.2832 6.1087 3.5319 830.6001
6.2832 4.3633 38.8554 834.2863
6.2832 3.4907 56.5132 842.0840
6.2832 5.2360 21.1936 843.1807
6.2832 4.3633 38.8534 846.8665
6.2832 5.2360 21.1936 847.9632
6.2832 4.3633 38.8534 851.6490
6.2832 4.3633 38.8534 855.3348
6.2832 6.1087 3.5319 855.3652
6.2832 5.2361 21.1917 856.4617
6.2832 3.4906 56.5151 864.2601
6.2832 3.4906 56.5151 872.0584
6.2832 5.2359 21.1956 873.1553
6.2832 5.2361 21.1917 874.2518
6.2832 5.2360 21.1936 875.3484
6.2832 3.4907 56.5132 883.1462
6.2832 6.1087 3.5319 883.1767
6.2832 4.3633 38.8534 886.8625
6.2832 3.4906 56.5151 894.6608
6.2832 5.2360 21.1936 895.7575
6.2832 5.2361 21.1917 896.8540
6.2832 4.3633 38.8534 900.5398
6.2832 4.3632 38.8573 904.2263
6.2832 4.3633 38.8534 907.9121
6.2832 6.1087 3.5319 907.9426
6.2832 5.2361 21.1917 909.0391
6.2832 3.4906 56.5151 916.8374
6.2832 3.4906 56.5151 924.6357
6.2832 5.2361 21.1917 925.7322
6.2832 5.2360 21.1936 926.8289
6.2832 5.2361 21.1917 927.9254
6.2832 3.4906 56.5151 935.7238
6.2832 6.1086 3.5338 935.7543
6.2832 4.3633 38.8554 939.4404
6.2832 3.4907 56.5132 947.2382
6.2832 5.2360 21.1936 948.3349
6.2832 4.3633 38.8534 952.0207
6.2832 5.2361 21.1917 953.1172
6.2832 4.3633 38.8554 956.8033
6.2832 4.3633 38.8534 960.4891
6.2832 6.1087 3.5319 960.5196
6.2832 4.3633 38.8534 964.2054
6.2832 4.3633 38.8554 967.8915
6.2832 4.3633 38.8534 971.5773
6.2832 4.3633 38.8554 975.2635
6.2832 5.2361 21.1917 976.3600
6.2832 5.2360 21.1936 977.4567
6.2832 3.4907 56.5132 985.2545
6.2832 6.1087 3.5319 985.2849
6.2832 4.3633 38.8534 988.9707
6.2832 3.4906 56.5151 996.7690
6.2832 5.2360 21.1936 997.8657
6.2832 5.2359 21.1956 998.9626
6.2832 4.3633 38.8534 1002.6484
6.2832 4.3633 38.8534 1006.3342
6.2832 4.3633 38.8534 1010.0200
6.2832 6.1087 3.5319 1010.0504
6.2832 5.2361 21.1917 1011.1469
6.2832 3.4906 56.5151 1018.9453
6.2832 3.4906 56.5151 1026.7435
6.2832 5.2361 21.1917 1027.8400
6.2832 6.1087 3.5319 1027.8705
6.2832 4.3633 38.8534 1031.5563
6.2832 3.4905 56.5171 1039.3551
6.2832 6.1087 3.5319 1039.3856
6.2832 5.2360 21.1936 1040.4823
6.2832 3.4906 56.5151 1048.2806
6.2832 4.3633 38.8534 1051.9664
6.2832 5.2361 21.1917 1053.0629
6.2832 4.3633 38.8534 1056.7487
6.2832 4.3633 38.8534 1060.4344
6.2832 6.9813 -14.1279 1060.9218
6.2832 4.3633 38.8534 1064.6075
6.2832 3.4905 56.5171 1072.4064
6.2832 4.3633 38.8534 1076.0922
6.2832 5.2360 21.1936 1077.1888
6.2832 4.3633 38.8534 1080.8746
6.2832 4.3633 38.8534 1084.5604
6.2832 5.2361 21.1917 1085.6569
6.2832 6.1087 3.5319 1085.6874
6.2832 3.4906 56.5151 1093.4857
6.2832 4.3633 38.8534 1097.1715
6.2832 4.3633 38.8534 1100.8573
6.2832 4.3632 38.8573 1104.5438
6.2832 5.2361 21.1917 1105.6403
6.2832 5.2360 21.1936 1106.7369
6.2832 4.3633 38.8534 1110.4227
6.2832 5.2360 21.1936 1111.5194
6.2832 4.3633 38.8534 1115.2052
6.2832 3.4907 56.5132 1123.0029
6.2832 5.2360 21.1936 1124.0996
6.2832 5.2361 21.1917 1125.1960
6.2832 4.3633 38.8554 1128.8822
6.2832 4.3633 38.8534 1132.5680
6.2832 4.3633 38.8554 1136.2542
6.2832 6.1087 3.5319 1136.2847
6.2832 5.2360 21.1936 1137.3813
6.2832 3.4907 56.5132 1145.1791
6.2832 3.4906 56.5151 1152.9774
6.2832 5.2360 21.1936 1154.0741
6.2832 6.1087 3.5319 1154.1046
6.2832 4.3634 38.8515 1157.7900
6.2832 5.2359 21.1956 1158.8870
6.2832 3.4908 56.5113 1166.6842
6.2832 4.3631 38.8592 1170.3711
6.2832 5.2361 21.1917 1171.4675
6.2832 5.2361 21.1917 1172.5640
6.2832 4.3633 38.8554 1176.2501
6.2832 3.4906 56.5151 1184.0485
6.2832 5.2361 21.1917 1185.1449
6.2832 6.9813 -14.1279 1185.6322
6.2832 3.4908 56.5113 1193.4294
6.2832 3.4906 56.5151 1201.2278
6.2832 4.3633 38.8554 1204.9139
6.2832 6.1085 3.5358 1204.9445
6.2832 4.3634 38.8515 1208.6299
6.2832 4.3633 38.8554 1212.3160
6.2832 4.3634 38.8515 1216.0015
6.2832 6.1087 3.5319 1216.0320
6.2832 5.2361 21.1917 1217.1284
6.2832 3.4906 56.5151 1224.9268
6.2832 3.4906 56.5151 1232.7251
6.2832 5.2361 21.1917 1233.8215
6.2832 5.2359 21.1956 1234.9185
6.2832 5.2359 21.1956 1236.0154
6.2832 3.4908 56.5113 1243.8126
6.2832 6.1087 3.5319 1243.8431
6.2832 4.3633 38.8554 1247.5293
6.2832 4.3633 38.8554 1251.2155
6.2832 4.3634 38.8515 1254.9009
6.2832 4.3633 38.8554 1258.5870
6.2832 5.2361 21.1917 1259.6835
6.2832 4.3633 38.8554 1263.3696
6.2832 5.2361 21.1917 1264.4661
6.2832 5.2361 21.1917 1265.5625
6.2832 4.3633 38.8554 1269.2487
6.2832 4.3633 38.8554 1272.9348
6.2832 4.3634 38.8515 1276.6202
6.2832 4.3633 38.8554 1280.3064
6.2832 5.2361 21.1917 1281.4028
6.2832 5.2359 21.1956 1282.4998
6.2832 5.2361 21.1917 1283.5962
6.2832 3.4906 56.5151 1291.3945
6.2832 4.3634 38.8515 1295.0800
6.2832 4.3633 38.8554 1298.7661
6.2832 5.2359 21.1956 1299.8630
6.2832 5.2361 21.1917 1300.9595
6.2832 4.3633 38.8554 1304.6456
6.2832 4.3634 38.8515 1308.3311
6.2832 6.1087 3.5319 1308.3616
6.2832 4.3633 38.8554 1312.0477
6.2832 3.4908 56.5113 1319.8450
6.2832 4.3633 38.8554 1323.5311
6.2832 5.2361 21.1917 1324.6276
6.2832 5.2359 21.1956 1325.7245
6.2832 4.3633 38.8554 1329.4106
6.2832 4.3634 38.8515 1333.0961
6.2832 6.1087 3.5319 1333.1266
6.2832 4.3633 38.8554 1336.8127
6.2832 4.3634 38.8515 1340.4982
6.2832 4.3633 38.8554 1344.1843
6.2832 4.3633 38.8554 1347.8705
6.2832 5.2361 21.1917 1348.9669
6.2832 4.3634 38.8515 1352.6523
6.2832 4.3633 38.8554 1356.3385
6.2832 6.9813 -14.1279 1356.8258
6.2832 4.3633 38.8554 1360.5120
6.2832 3.4906 56.5151 1368.3103
6.2832 4.3634 38.8515 1371.9957
6.2832 5.2359 21.1956 1373.0927
6.2832 4.3634 38.8515 1376.7781
6.2832 5.2361 21.1917 1377.8745
6.2832 6.1087 3.5319 1377.9050
6.2832 3.4906 56.5151 1385.7034
6.2832 3.4906 56.5151 1393.5017
6.2832 4.3633 38.8554 1397.1879
6.2832 5.2359 21.1956 1398.2848
6.2832 5.2361 21.1917 1399.3812
6.2832 4.3634 38.8515 1403.0667
6.2832 4.3633 38.8554 1406.7528
6.2832 6.1087 3.5319 1406.7833
6.2832 4.3633 38.8554 1410.4695
6.2832 4.3634 38.8515 1414.1549
6.2832 3.4906 56.5151 1421.9532
6.2832 5.2361 21.1917 1423.0497
6.2832 5.2361 21.1917 1424.1461
6.2832 5.2359 21.1956 1425.2430
6.2832 3.4906 56.5151 1433.0414
6.2832 5.2359 21.1956 1434.1383
6.2832 5.2361 21.1917 1435.2347
6.2832 3.4906 56.5151 1443.0331
6.2832 4.3634 38.8515 1446.7185
6.2832 5.2361 21.1917 1447.8149
6.2832 5.2359 21.1956 1448.9119
6.2832 4.3634 38.8515 1452.5973
6.2832 3.4906 56.5151 1460.3956
6.2832 6.9811 -14.1240 1460.8827
6.2832 5.2361 21.1917 1461.9791
6.2832 3.4906 56.5151 1469.7775
6.2832 3.4908 56.5113 1477.5747
6.2832 5.2359 21.1956 1478.6716
6.2832 5.2361 21.1917 1479.7681
6.2832 4.3633 38.8554 1483.4542
6.2832 6.1087 3.5319 1483.4847
6.2832 4.3634 38.8515 1487.1702
6.2832 3.4906 56.5151 1494.9685
6.2832 4.3633 38.8554 1498.6547
6.2832 5.2361 21.1917 1499.7511
6.2832 5.2359 21.1956 1500.8480
6.2832 4.3634 38.8515 1504.5334
6.2832 4.3633 38.8554 1508.2196
6.2832 6.1087 3.5319 1508.2501
6.2832 4.3634 38.8515 1511.9355
6.2832 3.4906 56.5151 1519.7339
6.2832 5.2359 21.1956 1520.8308
6.2832 4.3634 38.8515 1524.5162
6.2832 4.3633 38.8554 1528.2024
6.2832 5.2359 21.1956 1529.2993
6.2832 5.2361 21.1917 1530.3958
6.2832 5.2361 21.1917 1531.4922
6.2832 3.4906 56.5151 1539.2905
6.2832 4.3633 38.8554 1542.9767
6.2832 4.3634 38.8515 1546.6621
6.2832 5.2361 21.1917 1547.7585
6.2832 5.2359 21.1956 1548.8555
6.2832 4.3634 38.8515 1552.5409
6.2832 4.3633 38.8554 1556.2271
6.2832 5.2359 21.1956 1557.3240
6.2832 5.2361 21.1917 1558.4204
6.2832 3.4906 56.5151 1566.2188
6.2832 5.2361 21.1917 1567.3152
6.2832 4.3633 38.8554 1571.0013
6.2832 4.3634 38.8515 1574.6868
6.2832 5.2361 21.1917 1575.7832
6.2832 5.2359 21.1956 1576.8801
6.2832 4.3634 38.8515 1580.5656
6.2832 4.3633 38.8554 1584.2517
6.2832 4.3634 38.8515 1587.9371
6.2832 4.3631 38.8592 1591.6240
6.2832 5.2361 21.1917 1592.7205
6.2832 5.2361 21.1917 1593.8169
6.2832 3.4906 56.5151 1601.6152
6.2832 6.1087 3.5319 1601.6458
6.2832 5.2361 21.1917 1602.7422
6.2832 3.4904 56.5190 1610.5416
6.2832 4.3634 38.8515 1614.2271
6.2832 5.2359 21.1956 1615.3240
6.2832 4.3634 38.8515 1619.0094
6.2832 4.3633 38.8554 1622.6956
6.2832 5.2361 21.1917 1623.7920
6.2832 6.1087 3.5319 1623.8225
6.2832 3.4906 56.5151 1631.6208
6.2832 4.3634 38.8515 1635.3063
6.2832 4.3633 38.8554 1638.9924
6.2832 4.3633 38.8554 1642.6786
6.2832 5.2361 21.1917 1643.7750
6.2832 5.2361 21.1917 1644.8715
6.2832 3.4906 56.5151 1652.6698
6.2832 6.1087 3.5319 1652.7003
