6.2832 0.0000 100.0000 39.4784
6.2832 1.7453 -94.2834 60.0706
6.2832 2.6180 37.7558 73.5042
6.2832 0.8727 100.0000 102.7779
6.2832 2.6180 -37.5121 116.2115
6.2832 3.4907 28.9733 124.0098
6.2832 2.6180 75.1345 137.4434
6.2832 3.4907 -8.7341 145.2416
6.2832 5.2360 -26.1520 146.3382
6.2832 1.7453 100.0000 166.9303
6.2832 3.4907 -71.2523 174.7286
6.2832 3.4907 54.2729 182.5268
6.2832 1.7453 96.7290 203.1189
6.2832 4.3633 -79.6611 206.8048
6.2832 4.3633 58.1701 210.4906
6.2832 1.7453 100.0000 231.0828
6.2832 6.9813 -100.0000 231.5702
6.2832 5.2360 100.0000 232.6668
6.2832 3.4907 54.1885 240.4650
6.2832 6.1087 -96.9466 240.4954
6.2832 4.3633 100.0000 244.1813
6.2832 2.6180 63.3726 257.6150
6.2832 6.1087 -100.0000 257.6454
6.2832 4.3633 100.0000 261.3313
6.2832 1.7453 97.4376 281.9234
6.2832 5.2360 -100.0000 283.0201
6.2832 4.3633 96.7257 286.7059
6.2832 3.4907 42.6680 294.5041
6.2832 5.2360 -49.7656 295.6008
6.2832 3.4907 100.0000 303.3990
6.2832 3.4907 5.4045 311.1971
6.2832 6.9813 -100.0000 311.6845
6.2832 2.6180 100.0000 325.1182
6.2832 0.8727 44.3472 354.3920
6.2832 3.4907 -69.0114 362.1902
6.2832 2.6180 100.0000 375.6238
6.2832 2.6180 27.3198 389.0574
6.2832 4.3633 -27.6228 392.7433
6.2832 3.4907 81.2828 400.5415
6.2832 5.2360 -48.9798 401.6381
6.2832 3.4907 100.0000 409.4362
6.2832 4.3633 -27.6116 413.1222
6.2832 4.3633 35.2013 416.8080
6.2832 4.3633 22.6791 420.4939
6.2832 3.4907 56.5704 428.2921
6.2832 3.4907 19.1302 436.0902
6.2832 4.3633 -1.9911 439.7761
6.2832 4.3633 35.6037 443.4620
6.2832 2.6180 90.6857 456.8956
6.2832 4.3633 -51.8824 460.5815
6.2832 4.3633 48.4405 464.2674
6.2832 2.6180 90.9126 477.7010
6.2832 4.3633 -51.6555 481.3868
6.2832 4.3633 48.6669 485.0727
6.2832 3.4907 57.3373 492.8709
6.2832 5.2360 -47.7061 493.9676
6.2832 3.4907 100.0000 501.7657
6.2832 3.4907 7.4640 509.5639
6.2832 5.2360 -34.8520 510.6606
6.2832 3.4907 100.0000 518.4587
6.2832 2.6180 41.5111 531.8923
6.2832 6.1086 -100.0000 531.9228
6.2832 4.3633 100.0000 535.6086
6.2832 3.4907 32.8683 543.4068
6.2832 6.1087 -80.7592 543.4373
6.2832 3.4906 100.0000 551.2356
6.2832 2.6180 29.4235 564.6692
6.2832 5.2360 -71.6091 565.7658
6.2832 3.4907 100.0000 573.5640
6.2832 2.6180 42.2615 586.9976
6.2832 5.2360 -71.3825 588.0942
6.2832 5.2360 53.8557 589.1908
6.2832 1.7453 100.0000 609.7828
6.2832 5.2360 -100.0000 610.8795
6.2832 4.3633 100.0000 614.5653
6.2832 2.6180 80.2591 627.9990
6.2832 6.1087 -100.0000 628.0295
6.2832 5.2360 91.8711 629.1261
6.2832 3.4907 71.6325 636.9243
6.2832 7.8540 -100.0000 639.3916
6.2832 4.3633 100.0000 643.0774
6.2832 2.6180 43.0232 656.5110
6.2832 6.1086 -100.0000 656.5414
6.2832 3.4907 100.0000 664.3395
6.2832 2.6180 30.9796 677.7731
6.2832 4.3633 -36.2528 681.4590
6.2832 3.4907 85.2611 689.2572
6.2832 2.6180 56.4076 702.6908
6.2832 4.3633 -36.0439 706.3766
6.2832 3.4906 85.4725 714.1750
6.2832 3.4907 22.8120 721.9730
6.2832 4.3633 1.6922 725.6589
6.2832 4.3633 39.2866 729.3448
6.2832 2.6180 94.3679 742.7784
6.2832 6.9813 -100.0000 743.2659
6.2832 5.2360 100.0000 744.3625
6.2832 3.4907 60.5397 752.1607
6.2832 6.1086 -90.5927 752.1912
6.2832 4.3633 100.0000 755.8770
6.2832 3.4907 35.9236 763.6751
6.2832 5.2360 -43.9007 764.7718
6.2832 3.4907 100.0000 772.5698
6.2832 6.1086 -90.1370 772.6003
6.2832 5.2360 81.5266 773.6968
6.2832 3.4907 73.9022 781.4949
6.2832 5.2360 -56.0382 782.5916
6.2832 5.2360 44.2979 783.6881
6.2832 2.6180 100.0000 797.1218
6.2832 5.2360 -93.2882 798.2184
6.2832 5.2360 57.1741 799.3151
6.2832 3.4906 87.0521 807.1134
6.2832 5.2360 -55.5004 808.2100
6.2832 5.2360 44.8417 809.3065
6.2832 3.4906 87.3334 817.1049
6.2832 5.2360 -55.2218 818.2014
6.2832 4.3633 78.9255 821.8874
6.2832 3.4907 50.0834 829.6854
6.2832 5.2360 -42.3475 830.7820
6.2832 5.2360 45.3839 831.8787
6.2832 1.7453 100.0000 852.4709
6.2832 4.3633 -95.9281 856.1567
6.2832 4.3633 67.1259 859.8427
6.2832 2.6180 96.9846 873.2761
6.2832 5.2360 -79.3842 874.3726
6.2832 4.3633 92.2676 878.0586
6.2832 3.4906 50.8183 885.8569
6.2832 6.9813 -100.0000 886.3444
6.2832 3.4906 100.0000 894.1427
6.2832 2.6180 22.1710 907.5761
6.2832 4.3633 -32.4481 911.2619
6.2832 2.6179 100.0000 924.6960
6.2832 3.4907 -11.1203 932.4940
6.2832 5.2360 -15.9230 933.5906
6.2832 3.4906 100.0000 941.3889
6.2832 4.3633 -19.7785 945.0747
6.2832 5.2360 9.2362 946.1713
6.2832 3.4906 100.0000 953.9698
6.2832 4.3633 -19.5188 957.6556
6.2832 5.2360 9.4987 958.7522
6.2832 3.4906 100.0000 966.5505
6.2832 5.2360 -53.0558 967.6472
6.2832 6.1087 13.4804 967.6777
6.2832 1.7454 100.0000 988.2695
6.2832 3.4906 -72.8121 996.0678
6.2832 4.3633 31.5158 999.7536
6.2832 2.6180 100.0000 1013.1870
6.2832 3.4906 -9.8752 1020.9854
6.2832 6.1086 -48.4881 1021.0158
6.2832 2.6180 100.0000 1034.4496
6.2832 5.2360 -100.0000 1035.5461
6.2832 4.3633 94.4132 1039.2319
6.2832 2.6180 86.7698 1052.6656
6.2832 5.2360 -76.9940 1053.7623
6.2832 5.2360 60.8528 1054.8589
6.2832 2.6180 100.0000 1068.2926
6.2832 5.2360 -89.3438 1069.3892
6.2832 6.1087 27.3140 1069.4197
6.2832 2.6180 100.0000 1082.8530
6.2832 3.4906 -34.0632 1090.6516
6.2832 4.3633 20.1432 1094.3374
6.2832 2.6180 100.0000 1107.7711
6.2832 5.2360 -76.2453 1108.8677
6.2832 5.2360 61.6054 1109.9642
6.2832 2.6180 100.0000 1123.3976
6.2832 7.8539 -100.0000 1125.8649
6.2832 6.1087 100.0000 1125.8954
6.2832 4.3633 57.6936 1129.5812
6.2832 6.9813 -93.4241 1130.0686
6.2832 4.3633 100.0000 1133.7548
6.2832 3.4907 29.3997 1141.5529
6.2832 5.2360 -37.8090 1142.6494
6.2832 4.3633 83.7245 1146.3353
6.2832 5.2360 -12.7223 1147.4319
6.2832 5.2360 37.5047 1148.5286
6.2832 3.4907 92.6004 1156.3267
6.2832 5.2360 -49.9464 1157.4233
6.2832 5.2360 50.3891 1158.5199
6.2832 3.4907 92.8824 1166.3180
6.2832 5.2360 -49.6678 1167.4147
6.2832 5.2360 50.6702 1168.5114
6.2832 3.4907 93.1596 1176.3094
6.2832 4.3633 -15.5870 1179.9952
6.2832 6.1087 -20.3784 1180.0258
6.2832 2.6180 100.0000 1193.4595
6.2832 4.3633 -65.4438 1197.1454
6.2832 5.2360 26.2946 1198.2419
6.2832 2.6180 100.0000 1211.6757
6.2832 6.1087 -100.0000 1211.7062
6.2832 6.1087 67.7889 1211.7367
6.2832 2.6179 100.0000 1225.1708
6.2832 5.2360 -98.7093 1226.2673
6.2832 6.1087 30.5610 1226.2979
6.2832 2.6180 100.0000 1239.7312
6.2832 4.3633 -64.6233 1243.4170
6.2832 5.2360 27.1181 1244.5137
6.2832 3.4906 100.0000 1252.3120
6.2832 3.4906 19.5594 1260.1104
6.2832 6.1087 -56.5611 1260.1409
6.2832 4.3633 100.0000 1263.8267
6.2832 3.4906 44.7381 1271.6250
6.2832 6.1087 -68.8924 1271.6555
6.2832 4.3633 100.0000 1275.3413
6.2832 6.1087 -56.3926 1275.3718
6.2832 5.2360 77.7695 1276.4685
6.2832 5.2360 15.1447 1277.5652
6.2832 5.2360 27.8599 1278.6619
6.2832 4.3633 61.7655 1282.3477
6.2832 4.3633 24.3469 1286.0334
6.2832 5.2361 3.2387 1287.1299
6.2832 4.3633 74.6616 1290.8160
6.2832 6.1087 -42.9847 1290.8466
6.2832 4.3633 100.0000 1294.5323
6.2832 4.3633 12.2251 1298.2181
6.2832 6.1087 -30.0734 1298.2487
6.2832 4.3633 100.0000 1301.9348
6.2832 4.3633 12.5177 1305.6206
6.2832 5.2360 4.0292 1306.7173
6.2832 5.2361 41.6347 1307.8137
6.2832 4.3633 62.9389 1311.4995
6.2832 5.2359 -8.2823 1312.5964
6.2832 4.3633 75.7318 1316.2822
6.2832 4.3633 25.7096 1319.9680
6.2832 5.2361 4.6001 1321.0645
6.2832 4.3633 76.0230 1324.7506
6.2832 4.3633 25.9820 1328.4364
6.2832 5.2360 4.8844 1329.5331
6.2832 6.1087 8.6890 1329.5636
6.2832 2.6180 100.0000 1342.9969
6.2832 4.3633 -61.2722 1346.6827
6.2832 5.2360 30.4691 1347.7794
6.2832 2.6179 100.0000 1361.2135
6.2832 4.3633 -48.4215 1364.8993
6.2832 5.2361 30.7111 1365.9957
6.2832 4.3633 76.9094 1369.6815
6.2832 4.3633 26.8799 1373.3677
6.2832 5.2360 5.7690 1374.4644
6.2832 4.3633 77.1859 1378.1501
6.2832 5.2361 -6.6477 1379.2466
6.2832 4.3633 77.3843 1382.9327
6.2832 4.3633 27.3434 1386.6185
6.2832 6.1087 -27.5588 1386.6490
6.2832 5.2360 81.3823 1387.7457
6.2832 2.6180 100.0000 1401.1791
6.2832 6.1087 -100.0000 1401.2096
6.2832 6.1087 73.0766 1401.2401
6.2832 3.4906 100.0000 1409.0385
6.2832 6.1087 -89.6963 1409.0690
6.2832 6.1087 60.7817 1409.0995
6.2832 3.4906 100.0000 1416.8978
6.2832 7.8539 -100.0000 1419.3650
6.2832 6.1087 100.0000 1419.3955
6.2832 3.4907 99.6109 1427.1932
6.2832 7.8540 -100.0000 1429.6606
6.2832 6.9813 100.0000 1430.1479
6.2832 4.3633 100.0000 1433.8337
6.2832 8.7267 -100.0000 1439.8044
6.2832 8.7266 60.3903 1445.7747
6.2832 2.6179 100.0000 1459.2087
6.2832 5.2361 -100.0000 1460.3052
6.2832 5.2360 71.1220 1461.4019
6.2832 2.6179 100.0000 1474.8359
6.2832 5.2361 -79.0844 1475.9324
6.2832 6.1087 37.5793 1475.9629
6.2832 2.6180 100.0000 1489.3962
6.2832 6.9813 -100.0000 1489.8835
6.2832 5.2361 100.0000 1490.9800
6.2832 3.4906 76.3585 1498.7783
6.2832 6.9814 -100.0000 1499.2657
6.2832 4.3633 100.0000 1502.9519
6.2832 4.3633 5.3352 1506.6377
6.2832 4.3633 43.2617 1510.3239
6.2832 6.1087 -24.2656 1510.3544
6.2832 4.3633 100.0000 1514.0402
6.2832 3.4906 52.1383 1521.8385
6.2832 6.9814 -95.2967 1522.3259
6.2832 4.3633 100.0000 1526.0117
6.2832 3.4906 39.8246 1533.8101
6.2832 5.2360 -27.3909 1534.9067
6.2832 4.3633 94.1409 1538.5925
6.2832 6.1086 -36.0989 1538.6230
6.2832 5.2360 85.4448 1539.7197
6.2832 5.2361 22.8218 1540.8162
6.2832 5.2360 35.5435 1541.9128
6.2832 5.2361 35.6390 1543.0093
6.2832 4.3633 69.5537 1546.6951
6.2832 5.2360 -1.6712 1547.7917
6.2832 6.1087 14.7453 1547.8223
6.2832 4.3633 100.0000 1551.5081
6.2832 4.3633 19.8348 1555.1938
6.2832 6.9812 -56.2610 1555.6810
6.2832 4.3633 100.0000 1559.3668
6.2832 4.3633 7.5412 1563.0526
6.2832 5.2360 11.6549 1564.1493
6.2832 4.3633 83.0663 1567.8351
6.2832 6.9814 -68.3713 1568.3225
6.2832 5.2360 100.0000 1569.4192
6.2832 4.3633 45.5679 1573.1050
6.2832 6.1087 -34.2351 1573.1355
6.2832 5.2359 87.3201 1574.2324
6.2832 4.3633 58.4884 1577.9182
6.2832 6.1087 -33.9196 1577.9487
6.2832 5.2361 87.6269 1579.0452
6.2832 6.9813 -42.5955 1579.5325
6.2832 5.2361 100.0000 1580.6289
6.2832 5.2360 12.6452 1581.7256
6.2832 6.1087 4.1594 1581.7561
6.2832 5.2361 75.5938 1582.8525
6.2832 5.2359 25.5896 1583.9495
6.2832 5.2360 38.2915 1585.0461
6.2832 5.2361 38.3994 1586.1426
6.2832 6.9813 -29.0949 1586.6299
6.2832 4.3633 100.0000 1590.3157
6.2832 3.4907 43.6096 1598.1134
6.2832 6.9813 -91.2049 1598.6007
6.2832 4.3633 100.0000 1602.2865
6.2832 2.6180 77.7108 1615.7198
6.2832 6.1085 -94.6273 1615.7504
6.2832 5.2361 100.0000 1616.8468
6.2832 1.7453 100.0000 1637.4391
6.2832 5.2361 -100.0000 1638.5355
6.2832 6.1087 56.0876 1638.5660
6.2832 2.6179 100.0000 1652.0001
6.2832 5.2361 -85.5165 1653.0966
6.2832 5.2360 77.5623 1654.1932
6.2832 3.4907 100.0000 1661.9910
6.2832 8.7266 -100.0000 1667.9612
6.2832 6.9813 100.0000 1668.4485
6.2832 4.3633 98.5980 1672.1346
6.2832 7.8541 -100.0000 1674.6023
6.2832 6.9813 97.9961 1675.0896
6.2832 5.2361 77.7815 1676.1860
6.2832 6.9813 -52.1153 1676.6733
6.2832 7.8541 14.4459 1679.1410
6.2832 2.6179 100.0000 1692.5751
6.2832 4.3633 -75.4980 1696.2612
6.2832 4.3633 75.2628 1699.9470
6.2832 3.4906 83.9391 1707.7454
6.2832 5.2360 -21.1077 1708.8420
6.2832 5.2361 66.6195 1709.9385
6.2832 4.3633 75.3133 1713.6243
6.2832 6.9813 -63.5170 1714.1116
6.2832 5.2361 100.0000 1715.2080
6.2832 5.2360 16.6245 1716.3047
6.2832 6.1087 8.1388 1716.3352
6.2832 4.3633 100.0000 1720.0214
6.2832 5.2360 -7.9663 1721.1180
6.2832 6.9814 -12.7397 1721.6055
6.2832 4.3633 100.0000 1725.2913
6.2832 5.2360 -20.2410 1726.3879
6.2832 6.9814 -12.4095 1726.8754
6.2832 3.4906 100.0000 1734.6737
6.2832 3.4906 10.1686 1742.4720
6.2832 6.1087 -40.7310 1742.5026
6.2832 4.3633 100.0000 1746.1887
6.2832 3.4906 60.5641 1753.9871
6.2832 8.7267 -100.0000 1759.9578
6.2832 5.2361 100.0000 1761.0542
6.2832 2.6180 94.3981 1774.4875
6.2832 6.9813 -100.0000 1774.9749
6.2832 5.2361 100.0000 1776.0713
6.2832 3.4906 86.1149 1783.8696
6.2832 6.9813 -98.8278 1784.3569
6.2832 6.1085 100.0000 1784.3875
6.2832 6.1087 22.5342 1784.4180
6.2832 6.9815 1.4682 1784.9055
6.2832 6.1087 72.9273 1784.9360
6.2832 5.2361 56.7245 1786.0325
6.2832 6.1087 -1.8657 1786.0630
6.2832 5.2359 82.1797 1787.1599
6.2832 5.2361 32.1539 1788.2563
6.2832 6.1085 11.0852 1788.2869
6.2832 6.9815 14.8866 1788.7744
6.2832 4.3633 100.0000 1792.4606
6.2832 5.2361 -17.5100 1793.5570
6.2832 6.1087 24.1407 1793.5875
6.2832 4.3633 100.0000 1797.2737
6.2832 5.2361 -4.5840 1798.3701
6.2832 6.9813 -9.3460 1798.8574
6.2832 6.1087 86.9943 1798.8879
6.2832 4.3633 92.0015 1802.5741
6.2832 6.1087 -37.9311 1802.6046
6.2832 6.1087 62.4319 1802.6351
6.2832 5.2361 71.1340 1803.7316
6.2832 6.1087 -0.0680 1803.7621
6.2832 5.2361 83.9700 1804.8585
6.2832 5.2359 33.9672 1805.9554
6.2832 8.7267 -88.5454 1811.9261
6.2832 3.4906 100.0000 1819.7245
6.2832 2.6180 22.8689 1833.1578
6.2832 5.2359 -40.3271 1834.2548
6.2832 2.6180 100.0000 1847.6881
6.2832 3.4906 2.2135 1855.4865
6.2832 5.2361 10.0073 1856.5829
6.2832 3.4906 100.0000 1864.3812
6.2832 6.1087 -61.4490 1864.4117
6.2832 5.2361 100.0000 1865.5082
6.2832 5.2361 34.9895 1866.6046
6.2832 6.9813 -19.8984 1867.0919
6.2832 5.2359 100.0000 1868.1888
6.2832 5.2361 22.7213 1869.2853
6.2832 6.9813 -19.5465 1869.7726
6.2832 6.1087 89.4029 1869.8031
6.2832 4.3634 94.4027 1873.4885
6.2832 6.1087 -35.5143 1873.5190
6.2832 6.9813 31.0369 1874.0063
6.2832 4.3633 100.0000 1877.6925
6.2832 6.1087 -47.7826 1877.7230
6.2832 6.1087 65.1895 1877.7535
6.2832 5.2359 73.8990 1878.8505
6.2832 7.8541 -64.9276 1881.3181
6.2832 6.1087 100.0000 1881.3486
6.2832 5.2361 49.0547 1882.4451
6.2832 6.1087 3.0736 1882.4756
6.2832 6.9813 19.5099 1882.9629
6.2832 4.3633 100.0000 1886.6490
6.2832 6.1087 -46.7004 1886.6796
6.2832 6.1087 66.2716 1886.7101
6.2832 5.2361 74.9737 1887.8065
6.2832 5.2359 37.5800 1888.9034
6.2832 6.1087 16.4774 1888.9340
6.2832 5.2361 87.9172 1890.0304
6.2832 6.1087 4.1034 1890.0609
6.2832 6.1087 54.3405 1890.0914
6.2832 5.2359 75.6618 1891.1884
6.2832 9.5993 -100.0000 1902.1851
6.2832 5.2361 100.0000 1903.2815
6.2832 4.3634 21.9117 1906.9669
6.2832 5.2359 13.7479 1908.0638
6.2832 4.3634 97.7528 1911.7493
6.2832 6.1087 -19.8656 1911.7798
6.2832 5.2359 100.0000 1912.8767
6.2832 6.1087 5.2471 1912.9072
6.2832 8.7267 -45.9148 1918.8779
6.2832 4.3633 100.0000 1922.5641
6.2832 3.4906 31.7051 1930.3624
6.2832 6.1087 -44.0899 1930.3929
6.2832 4.3634 100.0000 1934.0784
6.2832 3.4906 69.8226 1941.8767
6.2832 6.9813 -77.6142 1942.3640
6.2832 5.2361 100.0000 1943.4604
6.2832 4.3633 61.2327 1947.1466
6.2832 6.1087 -18.5850 1947.1771
6.2832 5.2359 100.0000 1948.2740
6.2832 5.2361 40.3395 1949.3705
6.2832 7.8541 -48.3457 1951.8381
6.2832 5.2359 100.0000 1952.9351
6.2832 5.2361 15.4851 1954.0315
6.2832 8.7267 -81.7800 1960.0022
6.2832 3.4906 100.0000 1967.8005
6.2832 2.6178 29.6307 1981.2354
6.2832 4.3634 0.2126 1984.9208
6.2832 4.3633 87.9472 1988.6069
6.2832 4.3634 62.7951 1992.2924
6.2832 6.1087 -4.7083 1992.3229
6.2832 6.1087 70.4228 1992.3534
6.2832 6.9813 11.5259 1992.8407
6.2832 6.1087 82.9722 1992.8712
6.2832 6.1087 32.9795 1992.9017
6.2832 6.1085 45.7181 1992.9323
6.2832 6.9815 12.0165 1993.4198
6.2832 5.2359 100.0000 1994.5167
6.2832 6.1089 -4.0560 1994.5471
6.2832 7.8539 -8.7822 1997.0143
6.2832 6.1087 100.0000 1997.0448
6.2832 5.2361 55.0613 1998.1412
6.2832 7.8539 -58.5241 2000.6084
6.2832 5.2359 100.0000 2001.7053
6.2832 5.2361 17.9138 2002.8018
6.2832 6.9815 -11.7523 2003.2893
6.2832 5.2359 100.0000 2004.3862
6.2832 6.9813 -36.7325 2004.8735
6.2832 6.9813 63.6507 2005.3608
6.2832 5.2361 100.0000 2006.4573
6.2832 6.9813 -36.3375 2006.9446
6.2832 6.9815 64.0246 2007.4321
6.2832 5.2359 100.0000 2008.5291
6.2832 7.8541 -69.7728 2010.9967
6.2832 6.9813 100.0000 2011.4840
6.2832 8.7267 -40.8661 2017.4547
6.2832 7.8541 80.7410 2019.9224
6.2832 5.2359 100.0000 2021.0193
6.2832 8.7267 -100.0000 2026.9900
6.2832 6.9815 100.0000 2027.4775
6.2832 5.2359 82.5016 2028.5745
6.2832 7.8539 -68.6134 2031.0416
6.2832 6.9813 100.0000 2031.5289
6.2832 6.9813 27.8976 2032.0162
6.2832 6.9813 40.6464 2032.5035
6.2832 6.1087 74.5868 2032.5341
6.2832 6.1087 37.2032 2032.5646
6.2832 6.9815 16.1262 2033.0521
6.2832 6.1087 87.5881 2033.0826
6.2832 6.1087 37.5844 2033.1132
6.2832 9.5993 -84.8924 2044.1099
6.2832 5.2361 100.0000 2045.2063
6.2832 2.6180 97.8809 2058.6396
6.2832 6.1087 -86.7550 2058.6702
6.2832 6.1087 100.0000 2058.7007
6.2832 4.3633 100.0000 2062.3867
6.2832 7.8537 -91.6151 2064.8533
