6.2832 0.0000 100.0000 39.4784
6.2832 0.8727 100.0000 68.7522
6.2832 5.2360 21.1930 69.8488
6.2832 7.8540 -31.7895 72.3162
6.2832 4.3633 38.8539 76.0020
6.2832 3.4907 56.5148 83.8003
6.2832 4.3633 38.8539 87.4861
6.2832 4.3633 38.8539 91.1720
6.2832 6.9813 -14.1286 91.6594
6.2832 4.3633 38.8539 95.3452
6.2832 3.4907 56.5147 103.1434
6.2832 4.3633 38.8539 106.8293
6.2832 4.3633 38.8539 110.5152
6.2832 5.2360 21.1930 111.6118
6.2832 4.3633 38.8539 115.2977
6.2832 5.2360 21.1930 116.3943
6.2832 5.2360 21.1931 117.4909
6.2832 3.4907 56.5147 125.2891
6.2832 4.3633 38.8538 128.9750
6.2832 5.2360 21.1931 130.0716
6.2832 4.3633 38.8538 133.7574
6.2832 4.3633 38.8540 137.4433
6.2832 4.3633 38.8538 141.1292
6.2832 5.2360 21.1931 142.2258
6.2832 6.1087 3.5322 142.2563
6.2832 3.4907 56.5147 150.0545
6.2832 3.4907 56.5147 157.8527
6.2832 4.3633 38.8539 161.5385
6.2832 5.2360 21.1929 162.6351
6.2832 5.2360 21.1931 163.7318
6.2832 4.3633 38.8539 167.4176
6.2832 4.3633 38.8541 171.1035
6.2832 6.1087 3.5322 171.1340
6.2832 4.3633 38.8537 174.8198
6.2832 3.4907 56.5149 182.6181
6.2832 4.3633 38.8539 186.3039
6.2832 5.2360 21.1927 187.4005
6.2832 5.2360 21.1931 188.4972
6.2832 4.3633 38.8539 192.1830
6.2832 3.4907 56.5149 199.9813
6.2832 6.9813 -14.1286 200.4687
6.2832 4.3633 38.8539 204.1545
6.2832 4.3633 38.8537 207.8403
6.2832 3.4907 56.5149 215.6386
6.2832 5.2360 21.1931 216.7352
6.2832 5.2360 21.1931 217.8319
6.2832 4.3633 38.8534 221.5176
6.2832 4.3633 38.8539 225.2035
6.2832 6.1086 3.5324 225.2340
6.2832 3.4907 56.5147 233.0322
6.2832 4.3633 38.8539 236.7180
6.2832 4.3633 38.8539 240.4039
6.2832 5.2360 21.1931 241.5005
6.2832 4.3633 38.8539 245.1864
6.2832 4.3633 38.8534 248.8722
6.2832 5.2360 21.1931 249.9688
6.2832 6.1086 3.5324 249.9993
6.2832 3.4907 56.5147 257.7975
6.2832 3.4907 56.5147 265.5956
6.2832 4.3633 38.8539 269.2815
6.2832 5.2360 21.1931 270.3782
6.2832 4.3633 38.8539 274.0641
6.2832 5.2360 21.1931 275.1607
6.2832 4.3633 38.8534 278.8465
6.2832 6.1086 3.5324 278.8770
6.2832 3.4907 56.5147 286.6751
6.2832 4.3633 38.8539 290.3610
6.2832 4.3633 38.8544 294.0470
6.2832 5.2360 21.1927 295.1436
6.2832 4.3633 38.8534 298.8294
6.2832 4.3633 38.8544 302.5154
6.2832 4.3633 38.8534 306.2011
6.2832 6.9813 -14.1284 306.6885
6.2832 4.3633 38.8539 310.3744
6.2832 3.4907 56.5147 318.1726
6.2832 3.4906 56.5151 325.9709
6.2832 5.2360 21.1927 327.0675
6.2832 5.2360 21.1931 328.1641
6.2832 5.2360 21.1931 329.2608
6.2832 3.4907 56.5142 337.0588
6.2832 5.2360 21.1936 338.1555
6.2832 5.2360 21.1927 339.2521
6.2832 4.3633 38.8544 342.9381
6.2832 3.4907 56.5147 350.7363
6.2832 5.2360 21.1927 351.8329
6.2832 4.3633 38.8544 355.5188
6.2832 4.3633 38.8534 359.2046
6.2832 5.2360 21.1931 360.3013
6.2832 6.1087 3.5319 360.3317
6.2832 3.4906 56.5151 368.1300
6.2832 3.4907 56.5142 375.9281
6.2832 4.3633 38.8544 379.6141
6.2832 5.2360 21.1927 380.7107
6.2832 5.2360 21.1936 381.8073
6.2832 4.3633 38.8534 385.4931
6.2832 3.4907 56.5142 393.2912
6.2832 6.9813 -14.1279 393.7785
6.2832 4.3633 38.8534 397.4643
6.2832 3.4906 56.5151 405.2626
6.2832 4.3633 38.8534 408.9484
6.2832 5.2360 21.1927 410.0450
6.2832 5.2360 21.1936 411.1417
6.2832 3.4906 56.5151 418.9400
6.2832 5.2360 21.1927 420.0366
6.2832 5.2360 21.1927 421.1332
6.2832 4.3633 38.8544 424.8192
6.2832 3.4906 56.5151 432.6175
6.2832 5.2360 21.1927 433.7141
6.2832 4.3633 38.8534 437.3998
6.2832 4.3633 38.8544 441.0858
6.2832 5.2360 21.1927 442.1824
6.2832 4.3633 38.8544 445.8684
6.2832 6.1087 3.5319 445.8988
6.2832 3.4907 56.5142 453.6969
6.2832 4.3633 38.8544 457.3829
6.2832 4.3633 38.8534 461.0687
6.2832 5.2360 21.1936 462.1653
6.2832 4.3633 38.8534 465.8511
6.2832 4.3633 38.8544 469.5371
6.2832 5.2360 21.1927 470.6337
6.2832 5.2360 21.1927 471.7303
6.2832 4.3633 38.8544 475.4163
6.2832 3.4906 56.5151 483.2146
6.2832 4.3633 38.8544 486.9005
6.2832 5.2360 21.1927 487.9971
6.2832 4.3633 38.8534 491.6829
6.2832 5.2360 21.1927 492.7795
6.2832 4.3633 38.8534 496.4653
6.2832 5.2359 21.1946 497.5621
6.2832 4.3633 38.8534 501.2479
6.2832 4.3633 38.8534 504.9337
6.2832 4.3633 38.8534 508.6194
6.2832 4.3633 38.8544 512.3054
6.2832 5.2360 21.1936 513.4021
6.2832 4.3633 38.8534 517.0879
6.2832 4.3633 38.8544 520.7739
6.2832 6.1087 3.5319 520.8043
6.2832 5.2360 21.1927 521.9009
6.2832 3.4907 56.5142 529.6989
6.2832 3.4906 56.5161 537.4975
6.2832 5.2360 21.1927 538.5941
6.2832 4.3633 38.8534 542.2798
6.2832 5.2360 21.1927 543.3764
6.2832 4.3633 38.8534 547.0622
6.2832 6.1086 3.5338 547.0927
6.2832 4.3633 38.8534 550.7785
6.2832 3.4907 56.5142 558.5765
6.2832 4.3633 38.8534 562.2623
6.2832 4.3633 38.8544 565.9483
6.2832 5.2360 21.1936 567.0450
6.2832 5.2360 21.1927 568.1415
6.2832 4.3633 38.8534 571.8273
6.2832 5.2360 21.1936 572.9240
6.2832 4.3633 38.8534 576.6098
6.2832 4.3633 38.8544 580.2958
6.2832 4.3633 38.8544 583.9818
6.2832 4.3633 38.8534 587.6675
6.2832 5.2360 21.1927 588.7641
6.2832 4.3633 38.8534 592.4499
6.2832 4.3633 38.8534 596.1357
6.2832 6.9812 -14.1269 596.6229
6.2832 4.3633 38.8534 600.3087
6.2832 2.6180 74.1749 613.7421
6.2832 4.3633 38.8544 617.4281
6.2832 6.1086 3.5329 617.4586
6.2832 5.2360 21.1927 618.5551
6.2832 3.4907 56.5142 626.3531
6.2832 4.3633 38.8544 630.0391
6.2832 6.9814 -14.1298 630.5266
6.2832 4.3633 38.8554 634.2128
6.2832 3.4907 56.5142 642.0108
6.2832 3.4906 56.5151 649.8091
6.2832 5.2360 21.1927 650.9057
6.2832 6.1087 3.5309 650.9362
6.2832 4.3633 38.8534 654.6219
6.2832 3.4905 56.5171 662.4208
6.2832 6.1087 3.5319 662.4512
6.2832 5.2361 21.1917 663.5477
6.2832 3.4906 56.5151 671.3461
6.2832 4.3633 38.8534 675.0319
6.2832 4.3633 38.8554 678.7180
6.2832 5.2361 21.1917 679.8145
6.2832 5.2360 21.1936 680.9112
6.2832 3.4906 56.5151 688.7095
6.2832 6.1087 3.5319 688.7400
6.2832 5.2360 21.1936 689.8367
6.2832 3.4906 56.5151 697.6350
6.2832 4.3633 38.8534 701.3208
6.2832 4.3633 38.8534 705.0066
6.2832 5.2361 21.1917 706.1031
6.2832 4.3633 38.8554 709.7892
6.2832 4.3633 38.8534 713.4750
6.2832 6.9813 -14.1279 713.9623
6.2832 3.4907 56.5132 721.7601
6.2832 3.4906 56.5151 729.5585
6.2832 5.2360 21.1936 730.6552
6.2832 5.2360 21.1936 731.7518
6.2832 4.3633 38.8534 735.4376
6.2832 3.4906 56.5151 743.2360
6.2832 5.2361 21.1917 744.3325
6.2832 6.1086 3.5338 744.3630
6.2832 4.3633 38.8534 748.0488
6.2832 3.4906 56.5151 755.8471
6.2832 3.4907 56.5132 763.6449
6.2832 5.2360 21.1936 764.7416
6.2832 5.2361 21.1917 765.8381
6.2832 4.3633 38.8554 769.5242
6.2832 4.3633 38.8534 773.2100
6.2832 6.1087 3.5319 773.2405
6.2832 4.3633 38.8534 776.9263
6.2832 4.3633 38.8534 780.6121
6.2832 3.4905 56.5171 788.4109
6.2832 5.2361 21.1917 789.5074
6.2832 5.2360 21.1936 790.6041
6.2832 4.3633 38.8534 794.2899
6.2832 3.4906 56.5151 802.0882
6.2832 6.9813 -14.1279 802.5755
6.2832 4.3633 38.8534 806.2613
6.2832 4.3633 38.8534 809.9471
6.2832 4.3633 38.8534 813.6329
6.2832 4.3633 38.8534 817.3187
6.2832 4.3633 38.8534 821.0045
6.2832 5.2359 21.1956 822.1013
6.2832 4.3633 38.8534 825.7871
6.2832 6.1087 3.5319 825.8176
6.2832 4.3633 38.8534 829.5034
6.2832 3.4906 56.5151 837.3017
6.2832 4.3633 38.8534 840.9875
6.2832 5.2360 21.1936 842.0842
6.2832 5.2361 21.1917 843.1807
6.2832 4.3633 38.8554 846.8668
6.2832 3.4907 56.5132 854.6646
6.2832 6.9813 -14.1279 855.1519
6.2832 4.3633 38.8534 858.8377
6.2832 4.3633 38.8554 862.5239
6.2832 3.4907 56.5132 870.3217
6.2832 5.2360 21.1936 871.4183
6.2832 5.2360 21.1936 872.5150
6.2832 4.3633 38.8534 876.2008
6.2832 4.3633 38.8534 879.8866
6.2832 6.1087 3.5319 879.9171
6.2832 4.3633 38.8534 883.6028
6.2832 3.4905 56.5171 891.4017
6.2832 4.3633 38.8534 895.0875
6.2832 5.2361 21.1917 896.1840
6.2832 4.3633 38.8554 899.8701
6.2832 5.2360 21.1936 900.9668
6.2832 3.4907 56.5132 908.7646
6.2832 6.9813 -14.1279 909.2519
6.2832 4.3633 38.8534 912.9377
6.2832 3.4906 56.5151 920.7360
6.2832 4.3633 38.8534 924.4218
6.2832 5.2361 21.1917 925.5183
6.2832 4.3633 38.8534 929.2041
6.2832 4.3633 38.8534 932.8899
6.2832 5.2359 21.1956 933.9868
6.2832 5.2360 21.1936 935.0834
6.2832 4.3633 38.8534 938.7692
6.2832 3.4906 56.5151 946.5676
6.2832 4.3633 38.8534 950.2534
6.2832 5.2361 21.1917 951.3499
6.2832 5.2360 21.1936 952.4465
6.2832 4.3633 38.8534 956.1323
6.2832 3.4906 56.5151 963.9307
6.2832 6.1087 3.5319 963.9611
6.2832 5.2359 21.1956 965.0580
6.2832 3.4907 56.5132 972.8558
6.2832 4.3633 38.8534 976.5416
6.2832 5.2360 21.1936 977.6382
6.2832 4.3633 38.8534 981.3240
6.2832 4.3633 38.8534 985.0098
6.2832 4.3633 38.8534 988.6956
6.2832 6.9813 -14.1279 989.1829
6.2832 4.3633 38.8534 992.8687
6.2832 3.4907 56.5132 1000.6665
6.2832 3.4906 56.5151 1008.4648
6.2832 5.2359 21.1956 1009.5617
6.2832 5.2360 21.1936 1010.6584
6.2832 4.3633 38.8534 1014.3442
6.2832 4.3633 38.8534 1018.0300
6.2832 6.1087 3.5319 1018.0604
6.2832 4.3633 38.8534 1021.7462
6.2832 4.3633 38.8534 1025.4320
6.2832 3.4906 56.5151 1033.2303
6.2832 5.2361 21.1917 1034.3268
6.2832 5.2360 21.1936 1035.4235
6.2832 3.4905 56.5171 1043.2223
6.2832 5.2361 21.1917 1044.3187
6.2832 5.2360 21.1936 1045.4154
6.2832 4.3633 38.8534 1049.1012
6.2832 3.4906 56.5151 1056.8995
6.2832 5.2361 21.1917 1057.9960
6.2832 4.3633 38.8534 1061.6818
6.2832 4.3633 38.8534 1065.3676
6.2832 5.2360 21.1936 1066.4642
6.2832 4.3633 38.8534 1070.1500
6.2832 6.1085 3.5358 1070.1805
6.2832 3.4907 56.5132 1077.9783
6.2832 3.4906 56.5151 1085.7766
6.2832 5.2361 21.1917 1086.8730
6.2832 5.2360 21.1936 1087.9697
6.2832 4.3633 38.8534 1091.6555
6.2832 4.3633 38.8534 1095.3413
6.2832 4.3633 38.8534 1099.0271
6.2832 6.9813 -14.1279 1099.5144
6.2832 3.4907 56.5132 1107.3121
6.2832 3.4906 56.5151 1115.1105
6.2832 5.2359 21.1956 1116.2074
6.2832 5.2360 21.1936 1117.3041
6.2832 4.3633 38.8534 1120.9899
6.2832 4.3633 38.8534 1124.6757
6.2832 6.1087 3.5319 1124.7062
6.2832 4.3633 38.8534 1128.3920
6.2832 3.4906 56.5151 1136.1903
6.2832 4.3633 38.8534 1139.8761
6.2832 5.2361 21.1917 1140.9725
6.2832 4.3633 38.8534 1144.6583
6.2832 4.3633 38.8534 1148.3441
6.2832 5.2359 21.1956 1149.4410
6.2832 6.1087 3.5319 1149.4716
6.2832 3.4906 56.5151 1157.2699
6.2832 3.4906 56.5151 1165.0682
6.2832 4.3633 38.8534 1168.7540
6.2832 5.2361 21.1917 1169.8505
6.2832 4.3633 38.8534 1173.5363
6.2832 5.2360 21.1936 1174.6329
6.2832 4.3633 38.8534 1178.3187
6.2832 5.2360 21.1936 1179.4154
6.2832 4.3633 38.8554 1183.1016
6.2832 3.4906 56.5151 1190.8999
6.2832 5.2361 21.1917 1191.9963
6.2832 5.2360 21.1936 1193.0930
6.2832 4.3633 38.8534 1196.7788
6.2832 3.4906 56.5151 1204.5771
6.2832 5.2361 21.1917 1205.6736
6.2832 6.9813 -14.1279 1206.1609
6.2832 3.4907 56.5132 1213.9586
6.2832 3.4906 56.5151 1221.7570
6.2832 4.3632 38.8573 1225.4435
6.2832 5.2361 21.1917 1226.5399
6.2832 5.2360 21.1936 1227.6366
6.2832 4.3633 38.8534 1231.3224
6.2832 5.2361 21.1917 1232.4188
6.2832 4.3633 38.8534 1236.1046
6.2832 3.4906 56.5151 1243.9030
6.2832 5.2360 21.1936 1244.9996
6.2832 5.2361 21.1917 1246.0961
6.2832 3.4906 56.5151 1253.8944
6.2832 4.3634 38.8515 1257.5798
6.2832 5.2359 21.1956 1258.6768
6.2832 6.1087 3.5319 1258.7073
6.2832 3.4906 56.5151 1266.5056
6.2832 3.4906 56.5151 1274.3040
6.2832 5.2361 21.1917 1275.4004
6.2832 5.2359 21.1956 1276.4973
6.2832 3.4908 56.5113 1284.2946
6.2832 4.3633 38.8554 1287.9807
6.2832 5.2361 21.1917 1289.0771
6.2832 6.1087 3.5319 1289.1077
6.2832 4.3631 38.8592 1292.7946
6.2832 2.6180 74.1749 1306.2279
6.2832 5.2361 21.1917 1307.3243
6.2832 5.2361 21.1917 1308.4208
6.2832 4.3633 38.8554 1312.1069
6.2832 4.3634 38.8515 1315.7924
6.2832 4.3633 38.8554 1319.4785
6.2832 6.9813 -14.1279 1319.9658
6.2832 4.3634 38.8515 1323.6512
6.2832 3.4906 56.5151 1331.4496
6.2832 3.4906 56.5151 1339.2479
6.2832 5.2359 21.1956 1340.3448
6.2832 5.2361 21.1917 1341.4413
6.2832 5.2361 21.1917 1342.5377
6.2832 5.2359 21.1956 1343.6346
6.2832 3.4908 56.5113 1351.4319
6.2832 3.4906 56.5151 1359.2302
6.2832 5.2359 21.1956 1360.3271
6.2832 5.2361 21.1917 1361.4236
6.2832 4.3634 38.8515 1365.1090
6.2832 4.3633 38.8554 1368.7952
6.2832 4.3633 38.8554 1372.4813
6.2832 6.9813 -14.1279 1372.9686
6.2832 3.4906 56.5151 1380.7670
6.2832 3.4906 56.5151 1388.5653
6.2832 5.2361 21.1917 1389.6617
6.2832 4.3634 38.8515 1393.3472
6.2832 5.2359 21.1956 1394.4441
6.2832 4.3634 38.8515 1398.1295
6.2832 4.3633 38.8554 1401.8157
6.2832 6.1087 3.5319 1401.8462
6.2832 4.3633 38.8554 1405.5323
6.2832 3.4906 56.5151 1413.3307
6.2832 4.3634 38.8515 1417.0161
6.2832 5.2359 21.1956 1418.1130
6.2832 4.3634 38.8515 1421.7985
6.2832 5.2361 21.1917 1422.8949
6.2832 4.3633 38.8554 1426.5811
6.2832 5.2361 21.1917 1427.6775
6.2832 4.3633 38.8554 1431.3636
6.2832 3.4906 56.5151 1439.1620
6.2832 5.2361 21.1917 1440.2584
6.2832 4.3633 38.8554 1443.9446
6.2832 4.3633 38.8554 1447.6307
6.2832 5.2361 21.1917 1448.7272
6.2832 6.1087 3.5319 1448.7577
6.2832 3.4906 56.5151 1456.5560
6.2832 3.4906 56.5151 1464.3544
6.2832 4.3634 38.8515 1468.0398
6.2832 5.2359 21.1956 1469.1367
6.2832 5.2361 21.1917 1470.2332
6.2832 4.3634 38.8515 1473.9186
6.2832 4.3631 38.8592 1477.6055
6.2832 5.2361 21.1917 1478.7019
6.2832 4.3634 38.8515 1482.3873
6.2832 4.3633 38.8554 1486.0735
6.2832 4.3633 38.8554 1489.7596
6.2832 5.2361 21.1917 1490.8561
6.2832 4.3634 38.8515 1494.5415
6.2832 4.3633 38.8554 1498.2277
6.2832 4.3633 38.8554 1501.9138
6.2832 6.9815 -14.1317 1502.4014
6.2832 4.3633 38.8554 1506.0875
6.2832 3.4906 56.5151 1513.8859
6.2832 3.4906 56.5151 1521.6842
6.2832 5.2361 21.1917 1522.7806
6.2832 5.2359 21.1956 1523.8776
6.2832 4.3634 38.8515 1527.5630
6.2832 4.3633 38.8554 1531.2491
6.2832 6.1087 3.5319 1531.2797
6.2832 4.3634 38.8515 1534.9651
6.2832 4.3633 38.8554 1538.6512
6.2832 3.4906 56.5151 1546.4496
6.2832 5.2359 21.1956 1547.5465
6.2832 5.2361 21.1917 1548.6429
6.2832 4.3633 38.8554 1552.3291
6.2832 3.4908 56.5113 1560.1263
6.2832 6.9813 -14.1279 1560.6136
6.2832 4.3633 38.8554 1564.2998
6.2832 3.4908 56.5113 1572.0970
6.2832 4.3633 38.8554 1575.7832
6.2832 6.1087 3.5319 1575.8137
6.2832 4.3633 38.8554 1579.4999
6.2832 3.4908 56.5113 1587.2971
6.2832 6.9811 -14.1240 1587.7842
6.2832 4.3634 38.8515 1591.4696
6.2832 3.4906 56.5151 1599.2679
6.2832 4.3633 38.8554 1602.9541
6.2832 5.2361 21.1917 1604.0505
6.2832 5.2361 21.1917 1605.1470
6.2832 3.4906 56.5151 1612.9453
6.2832 4.3633 38.8554 1616.6315
6.2832 6.9815 -14.1317 1617.1190
6.2832 4.3631 38.8592 1620.8059
6.2832 3.4908 56.5113 1628.6031
6.2832 4.3633 38.8554 1632.2893
6.2832 4.3633 38.8554 1635.9755
6.2832 5.2361 21.1917 1637.0719
6.2832 5.2361 21.1917 1638.1683
6.2832 3.4906 56.5151 1645.9667
6.2832 6.1087 3.5319 1645.9972
6.2832 4.3633 38.8554 1649.6833
6.2832 3.4908 56.5113 1657.4806
6.2832 4.3633 38.8554 1661.1667
6.2832 5.2359 21.1956 1662.2637
6.2832 5.2361 21.1917 1663.3601
6.2832 4.3633 38.8554 1667.0463
6.2832 3.4906 56.5151 1674.8446
6.2832 6.9815 -14.1317 1675.3322
6.2832 4.3633 38.8554 1679.0183
6.2832 3.4906 56.5151 1686.8167
6.2832 4.3634 38.8515 1690.5021
6.2832 5.2361 21.1917 1691.5985
6.2832 4.3633 38.8554 1695.2847
6.2832 4.3633 38.8554 1698.9708
6.2832 6.9813 -14.1279 1699.4581
6.2832 4.3633 38.8554 1703.1443
6.2832 2.6180 74.1749 1716.5776
6.2832 4.3634 38.8515 1720.2631
6.2832 6.1087 3.5319 1720.2936
6.2832 4.3633 38.8554 1723.9797
6.2832 5.2361 21.1917 1725.0762
6.2832 3.4906 56.5151 1732.8745
6.2832 6.1087 3.5319 1732.9050
6.2832 5.2359 21.1956 1734.0020
6.2832 3.4906 56.5151 1741.8003
6.2832 4.3634 38.8515 1745.4857
6.2832 4.3633 38.8554 1749.1719
6.2832 5.2361 21.1917 1750.2683
6.2832 4.3633 38.8554 1753.9545
6.2832 4.3634 38.8515 1757.6399
6.2832 6.1085 3.5358 1757.6704
6.2832 4.3634 38.8515 1761.3558
6.2832 3.4906 56.5151 1769.1542
6.2832 4.3633 38.8554 1772.8403
6.2832 5.2361 21.1917 1773.9368
6.2832 5.2361 21.1917 1775.0332
6.2832 4.3633 38.8554 1778.7194
6.2832 3.4906 56.5151 1786.5177
6.2832 6.9815 -14.1317 1787.0052
6.2832 4.3633 38.8554 1790.6914
