6.2832 0.0000 100.0000 39.4784
6.2832 1.7453 -2.9385 60.0706
6.2832 4.3633 -26.8126 63.7564
6.2832 1.7453 56.6221 84.3486
6.2832 1.7453 20.9939 104.9407
6.2832 3.4907 -10.7607 112.7389
6.2832 2.6180 28.9792 126.1725
6.2832 1.7453 33.0387 146.7647
6.2832 3.4907 -10.6036 154.5629
6.2832 2.6180 29.1363 167.9965
6.2832 2.6180 17.3010 181.4301
6.2832 2.6180 17.3534 194.8637
6.2832 1.7453 33.3004 215.4559
6.2832 2.6180 5.5530 228.8895
6.2832 2.6180 17.4929 242.3231
6.2832 2.6180 17.5453 255.7567
6.2832 2.6180 17.5977 269.1904
6.2832 2.6180 17.6501 282.6240
6.2832 1.7453 33.5971 303.2162
6.2832 2.6180 5.8497 316.6498
6.2832 2.6180 17.7896 330.0834
6.2832 1.7453 33.7368 350.6756
6.2832 2.6180 5.9892 364.1092
6.2832 2.6180 17.9294 377.5428
6.2832 2.6180 17.9817 390.9765
6.2832 1.7453 33.9287 411.5686
6.2832 2.6180 6.1812 425.0022
6.2832 2.6180 18.1214 438.4359
6.2832 1.7453 34.0683 459.0280
6.2832 2.6180 6.3210 472.4616
6.2832 2.6180 18.2609 485.8953
6.2832 1.7453 34.2079 506.4874
6.2832 3.4907 -9.4341 514.2856
6.2832 2.6180 30.3056 527.7192
6.2832 1.7453 34.3652 548.3113
6.2832 2.6180 6.6176 561.7450
6.2832 2.6180 18.5574 575.1786
6.2832 2.6180 18.6102 588.6122
6.2832 1.7453 34.5571 609.2044
6.2832 2.6180 6.8096 622.6381
6.2832 3.4907 2.8547 630.4362
6.2832 1.7453 46.6020 651.0284
6.2832 1.7453 22.8613 671.6205
6.2832 2.6180 7.0016 685.0541
6.2832 2.6180 18.9414 698.4877
6.2832 1.7453 34.8888 719.0798
6.2832 2.6180 7.1413 732.5134
6.2832 2.6180 19.0812 745.9471
6.2832 2.6180 19.1336 759.3807
6.2832 2.6180 19.1860 772.8144
6.2832 1.7453 35.1328 793.4064
6.2832 2.6180 7.3858 806.8401
6.2832 2.6180 19.3256 820.2737
6.2832 2.6180 19.3780 833.7074
6.2832 1.7453 35.3250 854.2995
6.2832 2.6180 7.5776 867.7332
6.2832 3.4907 3.6227 875.5313
6.2832 1.7453 47.3699 896.1234
6.2832 1.7453 23.6296 916.7156
6.2832 3.4907 -8.1255 924.5138
6.2832 1.7453 47.5095 945.1059
6.2832 2.6180 7.8743 958.5396
6.2832 2.6180 19.8141 971.9731
6.2832 1.7453 35.7615 992.5652
6.2832 3.4907 -7.8808 1000.3635
6.2832 2.6180 31.8588 1013.7971
6.2832 2.6180 20.0241 1027.2308
6.2832 2.6180 20.0757 1040.6644
6.2832 2.6180 20.1286 1054.0980
6.2832 2.6180 20.1806 1067.5316
6.2832 2.6180 20.2335 1080.9653
6.2832 1.7453 36.1800 1101.5575
6.2832 4.3633 -23.3568 1105.2434
6.2832 2.6180 44.1829 1118.6770
6.2832 2.6180 20.4600 1132.1106
6.2832 2.6180 20.5128 1145.5443
6.2832 2.6180 20.5644 1158.9779
6.2832 2.6180 20.6175 1172.4116
6.2832 2.6180 20.6691 1185.8452
6.2832 2.6180 20.7220 1199.2788
6.2832 3.4907 4.8793 1207.0770
6.2832 2.6180 32.7320 1220.5107
6.2832 1.7453 36.7907 1241.1028
6.2832 3.4906 -6.8506 1248.9011
6.2832 2.6180 32.8883 1262.3347
6.2832 2.6180 21.0534 1275.7683
6.2832 2.6180 21.1058 1289.2019
6.2832 2.6180 21.1586 1302.6356
6.2832 3.4907 5.3155 1310.4338
6.2832 2.6180 33.1679 1323.8674
6.2832 2.6180 21.3331 1337.3011
6.2832 2.6180 21.3847 1350.7347
6.2832 2.6180 21.4378 1364.1685
6.2832 2.6180 21.4894 1377.6021
6.2832 2.6180 21.5421 1391.0356
6.2832 3.4907 5.6998 1398.8339
6.2832 2.6180 33.5519 1412.2675
6.2832 1.7453 37.6118 1432.8597
6.2832 3.4907 -6.0311 1440.6580
6.2832 2.6180 33.7094 1454.0917
6.2832 2.6180 21.8734 1467.5253
6.2832 2.6180 21.9265 1480.9590
6.2832 2.6180 21.9781 1494.3926
6.2832 3.4907 6.1361 1502.1908
6.2832 2.6180 33.9882 1515.6244
6.2832 2.6180 22.1534 1529.0581
6.2832 2.6180 22.2050 1542.4917
6.2832 2.6180 22.2577 1555.9253
6.2832 2.6180 22.3105 1569.3590
6.2832 3.4907 6.4674 1577.1572
6.2832 1.7453 50.2150 1597.7495
6.2832 4.3633 -21.2102 1601.4354
6.2832 2.6180 46.3296 1614.8690
6.2832 2.6180 22.6068 1628.3026
6.2832 3.4907 6.7644 1636.1008
6.2832 2.6180 34.6170 1649.5345
6.2832 1.7453 38.6761 1670.1268
6.2832 3.4907 -4.9664 1677.9250
6.2832 2.6180 34.7736 1691.3586
6.2832 3.4906 7.0441 1699.1570
6.2832 2.6180 34.8955 1712.5906
6.2832 2.6180 23.0605 1726.0242
6.2832 2.6180 23.1129 1739.4578
6.2832 2.6180 23.1653 1752.8914
6.2832 3.4906 7.3234 1760.6897
6.2832 2.6180 35.1747 1774.1233
6.2832 2.6180 23.3398 1787.5569
6.2832 4.3633 -8.3968 1791.2428
6.2832 2.6180 47.2543 1804.6764
6.2832 2.6180 23.5318 1818.1100
6.2832 2.6180 23.5841 1831.5436
6.2832 3.4907 7.7418 1839.3418
6.2832 2.6180 35.5948 1852.7758
6.2832 2.6180 23.7580 1866.2094
6.2832 4.3633 -7.9788 1869.8951
6.2832 2.6180 47.6739 1883.3287
6.2832 1.7453 39.8462 1903.9211
6.2832 3.4907 -3.7974 1911.7194
6.2832 3.4907 20.0483 1919.5176
6.2832 2.6180 36.0128 1932.9512
6.2832 2.6180 24.1780 1946.3849
6.2832 3.4907 8.3349 1954.1831
6.2832 3.4907 20.2927 1961.9813
6.2832 2.6180 36.2572 1975.4149
6.2832 2.6180 24.4223 1988.8486
6.2832 3.4907 8.5793 1996.6469
6.2832 2.6180 36.4317 2010.0804
6.2832 2.6180 24.5964 2023.5140
6.2832 3.4906 8.7545 2031.3124
6.2832 2.6180 36.6059 2044.7460
6.2832 3.4907 8.8763 2052.5442
6.2832 3.4907 20.8333 2060.3423
6.2832 1.7453 52.6945 2080.9351
6.2832 3.4907 -2.8382 2088.7332
6.2832 3.4906 21.0090 2096.5315
6.2832 2.6180 36.9720 2109.9648
6.2832 2.6180 25.1382 2123.3987
6.2832 3.4906 9.2953 2131.1970
6.2832 4.3633 5.3572 2134.8828
6.2832 1.7453 65.0176 2155.4751
6.2832 2.6180 13.4943 2168.9089
6.2832 3.4907 9.5387 2176.7070
6.2832 2.6180 37.3924 2190.1409
6.2832 2.6180 25.5556 2203.5742
6.2832 3.4906 9.7148 2211.3726
6.2832 2.6180 37.5663 2224.8064
6.2832 3.4907 9.8355 2232.6045
6.2832 3.4906 21.7944 2240.4028
6.2832 2.6180 37.7582 2253.8367
6.2832 2.6180 25.9230 2267.2705
6.2832 3.4907 10.0798 2275.0686
6.2832 2.6180 37.9326 2288.5020
6.2832 2.6179 26.0990 2301.9360
6.2832 3.4907 10.2537 2309.7341
6.2832 4.3633 6.3177 2313.4199
6.2832 2.6180 50.0828 2326.8538
6.2832 1.7453 42.2540 2347.4460
6.2832 4.3633 -17.2836 2351.1318
6.2832 2.6180 50.2574 2364.5657
6.2832 3.4907 10.6383 2372.3638
6.2832 2.6179 38.4928 2385.7979
6.2832 4.3633 -5.1349 2389.4836
6.2832 3.4907 34.6236 2397.2817
6.2832 1.7453 54.5961 2417.8740
6.2832 4.3633 -16.8290 2421.5601
6.2832 3.4907 34.8150 2429.3582
6.2832 2.6180 38.8934 2442.7920
6.2832 2.6180 27.0575 2456.2258
6.2832 4.3633 -4.6804 2459.9116
6.2832 3.4906 35.0783 2467.7100
6.2832 2.6180 39.1536 2481.1433
6.2832 3.4906 11.4252 2488.9417
6.2832 2.6180 39.2767 2502.3755
6.2832 3.4907 11.5459 2510.1736
6.2832 3.4906 23.5048 2517.9719
6.2832 2.6180 39.4687 2531.4058
6.2832 2.6180 27.6325 2544.8391
6.2832 5.2360 -19.9985 2545.9358
6.2832 3.4906 47.5593 2553.7341
6.2832 1.7453 55.6426 2574.3264
6.2832 3.4907 0.1120 2582.1245
6.2832 4.3633 8.0639 2585.8105
6.2832 2.6180 51.8275 2599.2444
6.2832 2.6180 28.1038 2612.6777
6.2832 3.4906 12.2638 2620.4763
6.2832 4.3633 8.3236 2624.1621
6.2832 2.6180 52.0891 2637.5955
6.2832 3.4906 12.4724 2645.3938
6.2832 2.6180 40.3230 2658.8271
6.2832 3.4906 12.5946 2666.6255
6.2832 3.4907 24.5505 2674.4236
6.2832 3.4906 24.6227 2682.2222
6.2832 3.4907 24.6895 2690.0203
6.2832 3.4906 24.7615 2697.8186
6.2832 2.6180 40.7244 2711.2520
6.2832 3.4907 12.9952 2719.0500
6.2832 3.4906 24.9534 2726.8484
6.2832 3.4907 25.0217 2734.6465
6.2832 3.4906 25.0939 2742.4451
6.2832 2.6180 41.0563 2755.8789
6.2832 5.2360 -18.4632 2756.9756
6.2832 3.4907 49.0943 2764.7737
6.2832 2.6180 41.2845 2778.2075
6.2832 3.4907 13.5530 2786.0056
6.2832 4.3633 9.6164 2789.6914
6.2832 2.6179 53.3824 2803.1255
6.2832 3.4907 13.7618 2810.9236
6.2832 3.4906 25.7214 2818.7219
6.2832 4.3633 9.8950 2822.4077
6.2832 2.6180 53.6608 2835.8416
6.2832 3.4907 14.0417 2843.6396
6.2832 3.4907 25.9998 2851.4377
6.2832 3.4906 26.0713 2859.2363
6.2832 2.6180 42.0337 2872.6702
6.2832 4.3633 -1.5912 2876.3560
6.2832 3.4907 38.1667 2884.1541
6.2832 3.4906 26.3497 2891.9524
6.2832 2.6180 42.3127 2905.3857
6.2832 4.3633 -1.3113 2909.0715
6.2832 3.4906 38.4476 2916.8701
6.2832 2.6180 42.5223 2930.3040
6.2832 4.3633 -1.1025 2933.9897
6.2832 3.4907 38.6553 2941.7878
6.2832 4.3633 10.9437 2945.4739
6.2832 3.4907 38.8118 2953.2720
6.2832 2.6180 42.8893 2966.7053
6.2832 4.3633 -0.7336 2970.3914
6.2832 3.4907 39.0206 2978.1895
6.2832 2.6180 43.0996 2991.6233
6.2832 4.3633 -0.5265 2995.3091
6.2832 3.4906 39.2322 3003.1074
6.2832 4.3633 11.5182 3006.7932
6.2832 3.4906 39.3901 3014.5918
6.2832 3.4907 27.5693 3022.3899
6.2832 3.4907 27.6404 3030.1880
6.2832 3.4906 27.7111 3037.9863
6.2832 3.4907 27.7794 3045.7844
6.2832 4.3633 11.9551 3049.4702
6.2832 2.6180 55.7203 3062.9041
6.2832 4.3633 0.2082 3066.5901
6.2832 3.4907 39.9630 3074.3882
6.2832 2.6180 44.0412 3087.8215
6.2832 4.3633 0.4175 3091.5076
6.2832 3.4907 40.1731 3099.3057
6.2832 3.4907 28.3560 3107.1038
6.2832 3.4906 28.4267 3114.9021
6.2832 3.4906 28.4967 3122.7007
6.2832 5.2360 -3.2252 3123.7974
6.2832 3.4907 52.4454 3131.5955
6.2832 3.4907 28.7399 3139.3936
6.2832 3.4906 28.8106 3147.1919
6.2832 3.4906 28.8798 3154.9902
6.2832 4.3633 13.0541 3158.6760
6.2832 3.4906 40.9251 3166.4744
6.2832 4.3633 13.2111 3170.1602
6.2832 4.3633 25.1867 3173.8459
6.2832 2.6179 57.0650 3187.2800
6.2832 4.3633 1.5498 3190.9658
6.2832 3.4906 41.3091 3198.7642
6.2832 3.4906 29.4907 3206.5625
6.2832 4.3633 13.6649 3210.2483
6.2832 3.4906 41.5360 3218.0466
6.2832 4.3633 13.8220 3221.7324
6.2832 4.3633 25.7975 3225.4182
6.2832 2.6180 57.6742 3238.8516
6.2832 4.3633 2.1637 3242.5376
6.2832 3.4906 41.9187 3250.3359
6.2832 3.4907 30.0998 3258.1338
6.2832 4.3633 14.2771 3261.8196
6.2832 3.4906 42.1469 3269.6179
6.2832 5.2360 -1.4609 3270.7146
6.2832 3.4906 54.2084 3278.5129
6.2832 3.4906 30.5029 3286.3113
6.2832 4.3633 14.6772 3289.9971
6.2832 3.4906 42.5483 3297.7954
6.2832 3.4907 30.7281 3305.5933
6.2832 4.3633 14.9054 3309.2791
6.2832 3.4905 42.7769 3317.0779
6.2832 5.2361 -0.8357 3318.1743
6.2832 3.4906 54.8380 3325.9727
6.2832 2.6180 47.0251 3339.4060
6.2832 4.3633 3.4011 3343.0918
6.2832 4.3633 27.2636 3346.7776
6.2832 3.4905 43.2482 3354.5764
6.2832 3.4906 31.4267 3362.3748
6.2832 4.3633 15.6022 3366.0605
6.2832 6.1087 -4.2116 3366.0911
6.2832 2.6180 83.2645 3379.5244
6.2832 2.6180 35.7664 3392.9578
6.2832 5.2360 -11.8644 3394.0544
6.2832 4.3633 39.7964 3397.7402
6.2832 3.4906 43.8922 3405.5386
6.2832 4.3633 16.1782 3409.2244
6.2832 5.2360 12.2599 3410.3210
6.2832 3.4907 56.0392 3418.1189
6.2832 3.4905 32.3386 3425.9177
6.2832 4.3633 16.5085 3429.6035
6.2832 4.3633 28.4853 3433.2893
6.2832 3.4906 44.4682 3441.0876
6.2832 4.3633 16.7542 3444.7734
6.2832 3.4906 44.6252 3452.5718
6.2832 6.1087 -14.8781 3452.6023
6.2832 3.4906 68.5925 3460.4006
6.2832 3.4906 32.9988 3468.1990
6.2832 5.2361 1.2775 3469.2954
6.2832 3.4906 56.9498 3477.0938
6.2832 4.3633 17.3476 3480.7795
6.2832 4.3633 29.3248 3484.4656
6.2832 3.4907 45.3029 3492.2634
6.2832 5.2360 1.6994 3493.3601
6.2832 4.3633 41.4719 3497.0459
6.2832 3.4906 45.5677 3504.8442
6.2832 4.3633 17.8554 3508.5303
6.2832 3.4907 45.7218 3516.3281
6.2832 4.3633 18.0121 3520.0139
6.2832 4.3633 29.9881 3523.7000
6.2832 3.4907 45.9661 3531.4978
6.2832 6.1087 -13.5329 3531.5283
6.2832 3.4905 69.9381 3539.3271
6.2832 3.4907 34.3396 3547.1250
6.2832 5.2360 2.6244 3548.2217
6.2832 4.3633 42.3969 3551.9075
6.2832 3.4906 46.4927 3559.7058
6.2832 4.3633 18.7787 3563.3916
6.2832 6.1087 -1.0351 3563.4221
6.2832 3.4906 70.5472 3571.2205
6.2832 3.4906 34.9535 3579.0188
6.2832 4.3633 19.1278 3582.7046
6.2832 4.3633 31.1033 3586.3904
6.2832 3.4906 47.0862 3594.1887
6.2832 4.3633 19.3739 3597.8748
6.2832 4.3633 31.3464 3601.5605
6.2832 6.1087 -0.3544 3601.5911
6.2832 3.4906 71.2279 3609.3894
6.2832 3.4906 35.6342 3617.1877
6.2832 5.2361 3.9129 3618.2842
6.2832 4.3633 43.6897 3621.9700
6.2832 3.4906 47.7843 3629.7683
6.2832 4.3633 20.0703 3633.4541
6.2832 4.3633 32.0458 3637.1399
6.2832 6.1087 0.3437 3637.1704
6.2832 4.3633 56.0305 3640.8562
6.2832 3.4906 48.2381 3648.6545
6.2832 4.3632 20.5275 3652.3411
6.2832 4.3633 32.4970 3656.0269
6.2832 4.3633 32.5869 3659.7126
6.2832 4.3633 32.6741 3663.3984
6.2832 4.3633 32.7614 3667.0842
6.2832 6.1087 1.0593 3667.1147
6.2832 3.4906 72.6416 3674.9131
6.2832 4.3633 21.1524 3678.5989
6.2832 4.3633 33.1279 3682.2847
6.2832 4.3633 33.2152 3685.9705
6.2832 4.3633 33.3025 3689.6563
6.2832 5.2359 17.4976 3690.7532
6.2832 4.3633 45.3801 3694.4390
6.2832 5.2360 17.6879 3695.5356
6.2832 3.4907 61.4672 3703.3335
6.2832 4.3633 21.8693 3707.0193
6.2832 5.2360 17.9497 3708.1160
6.2832 4.3633 45.8352 3711.8018
6.2832 3.4906 49.9310 3719.6001
6.2832 4.3633 22.2170 3723.2859
6.2832 6.9814 -13.4923 3723.7734
6.2832 3.4906 85.8913 3731.5718
6.2832 3.4905 38.4110 3739.3706
6.2832 6.1087 -9.2071 3739.4011
6.2832 4.3633 58.3692 3743.0869
6.2832 4.3633 34.6813 3746.7727
6.2832 5.2360 18.8747 3747.8694
6.2832 4.3633 46.7602 3751.5552
6.2832 5.2361 19.0650 3752.6516
6.2832 5.2360 31.0597 3753.7483
6.2832 3.4906 62.9525 3761.5466
6.2832 5.2361 7.4559 3762.6431
6.2832 4.3632 47.2362 3766.3296
6.2832 4.3633 35.4292 3770.0154
6.2832 5.2361 19.6235 3771.1118
6.2832 4.3633 47.5120 3774.7976
6.2832 5.2360 19.8172 3775.8943
6.2832 4.3633 47.7027 3779.5801
6.2832 4.3633 35.9030 3783.2659
6.2832 5.2360 20.0964 3784.3625
6.2832 4.3633 47.9819 3788.0483
6.2832 3.4906 52.0778 3795.8467
6.2832 5.2359 8.4717 3796.9436
6.2832 5.2361 32.3469 3798.0400
6.2832 5.2360 32.4560 3799.1367
6.2832 4.3633 48.4532 3802.8225
6.2832 4.3633 36.6535 3806.5083
6.2832 5.2361 20.8452 3807.6047
6.2832 4.3633 48.7337 3811.2905
6.2832 4.3633 36.9345 3814.9766
6.2832 5.2361 21.1232 3816.0730
6.2832 6.1087 17.2236 3816.1035
6.2832 4.3632 61.0256 3819.7900
6.2832 3.4907 53.2254 3827.5879
6.2832 5.2360 9.6232 3828.6846
6.2832 5.2361 33.5001 3829.7810
6.2832 4.3633 49.5017 3833.4668
6.2832 4.3633 37.7024 3837.1528
6.2832 5.2361 21.8911 3838.2493
6.2832 6.1087 17.9916 3838.2798
6.2832 4.3633 61.7901 3841.9656
6.2832 3.4906 53.9977 3849.7639
6.2832 5.2361 10.3881 3850.8604
6.2832 5.2359 34.2728 3851.9573
6.2832 4.3633 50.2670 3855.6431
6.2832 5.2360 22.5748 3856.7397
6.2832 4.3633 50.4603 3860.4255
6.2832 6.1087 6.8713 3860.4561
6.2832 5.2360 46.6642 3861.5527
6.2832 4.3633 50.7745 3865.2385
6.2832 4.3633 38.9748 3868.9243
6.2832 5.2361 23.1665 3870.0208
6.2832 5.2359 35.1630 3871.1177
6.2832 4.3633 51.1571 3874.8035
6.2832 5.2360 23.4649 3875.9001
6.2832 6.9814 3.6655 3876.3877
6.2832 4.3633 75.2666 3880.0735
6.2832 4.3633 39.6921 3883.7595
6.2832 5.2361 23.8808 3884.8560
6.2832 5.2360 35.8768 3885.9526
6.2832 4.3633 51.8740 3889.6384
6.2832 5.2361 24.1788 3890.7349
6.2832 6.9812 4.3859 3891.2222
6.2832 4.3633 75.9796 3894.9080
6.2832 4.3633 40.4059 3898.5938
6.2832 5.2360 24.5994 3899.6904
6.2832 5.2361 36.5893 3900.7869
6.2832 5.2360 36.6971 3901.8835
6.2832 5.2361 36.7988 3902.9800
6.2832 5.2361 36.9048 3904.0764
6.2832 6.1087 21.1157 3904.1069
6.2832 5.2359 49.0221 3905.2039
6.2832 4.3633 53.1311 3908.8899
6.2832 5.2361 25.4341 3909.9863
6.2832 6.1087 21.5346 3910.0168
6.2832 4.3633 65.3348 3913.7029
6.2832 5.2361 25.7483 3914.7993
6.2832 5.2361 37.7426 3915.8958
6.2832 6.1087 21.9535 3915.9263
6.2832 5.2359 49.8599 3917.0232
6.2832 4.3633 53.9689 3920.7092
6.2832 5.2361 26.2719 3921.8057
6.2832 5.2361 38.2662 3922.9021
6.2832 5.2359 38.3744 3923.9990
6.2832 5.2361 38.4730 3925.0955
6.2832 5.2361 38.5803 3926.1919
6.2832 6.9813 6.8974 3926.6792
6.2832 4.3634 78.4924 3930.3645
6.2832 5.2359 27.0284 3931.4614
6.2832 6.1087 23.1202 3931.4919
6.2832 4.3633 66.9231 3935.1780
6.2832 5.2361 27.3365 3936.2744
6.2832 6.1087 23.4370 3936.3049
6.2832 4.3633 67.2372 3939.9910
6.2832 6.9815 -4.1404 3940.4785
6.2832 5.2359 63.4599 3941.5754
6.2832 4.3634 55.6758 3945.2607
6.2832 6.1087 12.0911 3945.2913
6.2832 5.2359 51.8845 3946.3882
6.2832 5.2361 40.0962 3947.4846
6.2832 6.1087 24.3097 3947.5151
6.2832 6.9813 20.4250 3948.0024
6.2832 4.3633 80.1365 3951.6885
6.2832 4.3634 44.5568 3955.3738
6.2832 6.1087 12.8590 3955.4043
6.2832 6.1087 36.7551 3955.4348
6.2832 4.3633 68.6684 3959.1208
6.2832 6.1087 13.1880 3959.1514
6.2832 5.2359 52.9840 3960.2483
6.2832 7.8541 -6.4892 3962.7161
6.2832 4.3633 92.9162 3966.4021
6.2832 5.2361 29.5531 3967.4985
6.2832 6.9813 9.7598 3967.9858
6.2832 5.2361 65.4609 3969.0823
6.2832 5.2361 41.7917 3970.1787
6.2832 6.1085 26.0061 3970.2092
6.2832 5.2361 53.9030 3971.3057
