6.2832 0.0000 100.0000 39.4784
6.2832 0.8727 100.0000 68.7522
6.2832 6.1087 -71.4205 68.7826
6.2832 6.1087 4.2386 68.8131
6.2832 2.6180 100.0000 82.2467
6.2832 4.3633 21.4050 85.9326
6.2832 6.1087 -20.9812 85.9631
6.2832 4.3633 71.8443 89.6489
6.2832 5.2360 12.8219 90.7456
6.2832 5.2360 25.4315 91.8422
6.2832 4.3633 59.2346 95.5280
6.2832 5.2360 12.8219 96.6247
6.2832 4.3633 59.2343 100.3105
6.2832 5.2360 12.8221 101.4072
6.2832 4.3633 59.2342 105.0930
6.2832 4.3633 46.6248 108.7789
6.2832 6.9813 -54.7841 109.2663
6.2832 4.3633 84.4545 112.9522
6.2832 2.6180 100.0000 126.3857
6.2832 6.1087 -46.2007 126.4162
6.2832 6.1086 4.2390 126.4467
6.2832 3.4907 100.0000 134.2448
6.2832 5.2360 0.2118 135.3414
6.2832 5.2360 25.4320 136.4381
6.2832 6.1087 -8.3714 136.4685
6.2832 3.4907 100.0000 144.2667
6.2832 4.3633 34.0149 147.9526
6.2832 6.1087 -20.9812 147.9830
6.2832 5.2360 38.0417 149.0797
6.2832 3.4907 93.0372 156.8779
6.2832 5.2360 0.2122 157.9745
6.2832 6.1087 -8.3714 158.0050
6.2832 5.2360 38.0417 159.1016
6.2832 2.6180 100.0000 172.5352
6.2832 5.2360 -12.3976 173.6318
6.2832 6.1087 -8.3714 173.6622
6.2832 3.4907 100.0000 181.4604
6.2832 5.2360 0.2124 182.5570
6.2832 6.1087 -8.3714 182.5874
6.2832 4.3633 71.8444 186.2733
6.2832 5.2360 12.8220 187.3699
6.2832 5.2360 25.4318 188.4666
6.2832 4.3633 59.2345 192.1525
6.2832 5.2360 12.8211 193.2490
6.2832 4.3633 59.2348 196.9349
6.2832 4.3633 46.6247 200.6208
6.2832 5.2360 12.8220 201.7174
6.2832 5.2360 25.4318 202.8140
6.2832 6.1086 -8.3709 202.8445
6.2832 3.4907 100.0000 210.6426
6.2832 3.4906 67.8189 218.4409
6.2832 6.9813 -67.3944 218.9283
6.2832 5.2360 50.6517 220.0249
6.2832 3.4907 93.0372 227.8231
6.2832 5.2360 0.2122 228.9197
6.2832 6.1087 -8.3718 228.9502
6.2832 5.2360 38.0419 230.0468
6.2832 2.6180 100.0000 243.4806
6.2832 5.2360 -12.3988 244.5771
6.2832 6.1086 -8.3706 244.6076
6.2832 4.3633 71.8443 248.2935
6.2832 3.4907 80.4265 256.0916
6.2832 6.1086 -33.5892 256.1220
6.2832 5.2360 38.0403 257.2186
6.2832 6.1086 -8.3706 257.2491
6.2832 3.4907 100.0000 265.0473
6.2832 4.3633 34.0140 268.7331
6.2832 6.1086 -20.9803 268.7635
6.2832 5.2360 38.0406 269.8601
6.2832 4.3633 59.2357 273.5461
6.2832 4.3633 46.6244 277.2320
6.2832 5.2360 12.8220 278.3286
6.2832 6.9813 -42.1745 278.8160
6.2832 3.4907 100.0000 286.6142
6.2832 2.6180 100.0000 300.0479
6.2832 6.9813 -80.0042 300.5353
6.2832 6.1086 16.8490 300.5658
6.2832 3.4907 100.0000 308.3640
6.2832 5.2360 0.2113 309.4606
6.2832 6.1086 -8.3706 309.4910
6.2832 5.2360 38.0406 310.5876
6.2832 3.4906 93.0384 318.3859
6.2832 4.3633 34.0146 322.0718
6.2832 6.1086 -20.9807 322.1023
6.2832 5.2360 38.0406 323.1989
6.2832 3.4907 93.0366 330.9969
6.2832 5.2360 0.2135 332.0936
6.2832 5.2360 25.4305 333.1902
6.2832 6.1086 -8.3696 333.2207
6.2832 2.6180 100.0000 346.6541
6.2832 4.3633 21.4064 350.3400
6.2832 6.1087 -20.9820 350.3705
6.2832 4.3633 71.8455 354.0565
6.2832 4.3633 46.6234 357.7422
6.2832 5.2360 12.8233 358.8389
6.2832 4.3633 59.2332 362.5247
6.2832 6.1087 -20.9813 362.5552
6.2832 4.3633 71.8455 366.2411
6.2832 3.4907 80.4261 374.0392
6.2832 6.1086 -33.5892 374.0697
6.2832 5.2360 38.0403 375.1663
6.2832 3.4906 93.0384 382.9646
6.2832 5.2360 0.2110 384.0612
6.2832 6.1087 -8.3715 384.0916
6.2832 5.2360 38.0410 385.1882
6.2832 2.6180 100.0000 398.6220
6.2832 5.2360 -12.3970 399.7187
6.2832 6.1087 -8.3722 399.7491
6.2832 3.4907 100.0000 407.5472
6.2832 5.2360 0.2135 408.6439
6.2832 5.2360 25.4305 409.7404
6.2832 5.2360 25.4331 410.8371
6.2832 5.2360 25.4305 411.9337
6.2832 3.4907 93.0366 419.7318
6.2832 5.2360 0.2135 420.8285
6.2832 5.2360 25.4305 421.9250
6.2832 5.2360 25.4331 423.0217
6.2832 3.4907 93.0359 430.8198
6.2832 5.2360 0.2135 431.9165
6.2832 6.1087 -8.3722 431.9469
6.2832 4.3633 71.8437 435.6327
6.2832 3.4907 80.4268 443.4308
6.2832 6.1086 -33.5874 443.4613
6.2832 5.2360 38.0396 444.5579
6.2832 3.4907 93.0366 452.3559
6.2832 5.2360 0.2116 453.4525
6.2832 6.1087 -8.3715 453.4830
6.2832 4.3633 71.8474 457.1691
6.2832 4.3633 46.6227 460.8549
6.2832 5.2360 12.8214 461.9515
6.2832 5.2360 25.4312 463.0481
6.2832 4.3633 59.2339 466.7339
6.2832 4.3633 46.6278 470.4200
6.2832 5.2360 12.8200 471.5166
6.2832 5.2360 25.4312 472.6132
6.2832 4.3633 59.2339 476.2990
6.2832 6.1087 -20.9813 476.3295
6.2832 4.3633 71.8474 480.0156
6.2832 3.4907 80.4254 487.8137
6.2832 6.1087 -33.5910 487.8441
6.2832 5.2360 38.0410 488.9407
6.2832 3.4906 93.0384 496.7390
6.2832 5.2360 0.2128 497.8357
6.2832 6.1087 -8.3722 497.8662
6.2832 4.3633 71.8437 501.5520
6.2832 4.3633 46.6260 505.2379
6.2832 5.2360 12.8207 506.3345
6.2832 4.3633 59.2357 510.0205
6.2832 4.3633 46.6234 513.7063
6.2832 6.1087 -20.9813 513.7368
6.2832 4.3633 71.8455 517.4227
6.2832 4.3633 46.6234 521.1085
6.2832 6.9813 -54.7821 521.5958
6.2832 4.3633 84.4528 525.2816
6.2832 3.4906 80.4287 533.0800
6.2832 6.1087 -33.5917 533.1104
6.2832 5.2360 38.0410 534.2070
6.2832 3.4906 93.0384 542.0053
6.2832 5.2360 0.2110 543.1019
6.2832 6.1087 -8.3715 543.1323
6.2832 4.3633 71.8455 546.8183
6.2832 3.4907 80.4261 554.6163
6.2832 6.1086 -33.5892 554.6468
6.2832 5.2360 38.0403 555.7433
6.2832 3.4906 93.0384 563.5417
6.2832 5.2360 0.2110 564.6382
6.2832 6.1087 -8.3715 564.6687
6.2832 4.3633 71.8474 568.3549
6.2832 4.3633 46.6227 572.0406
6.2832 5.2361 12.8196 573.1371
6.2832 5.2360 25.4337 574.2338
6.2832 3.4906 93.0378 582.0322
6.2832 5.2360 0.2128 583.1288
6.2832 6.1087 -8.3722 583.1593
6.2832 3.4907 100.0000 590.9571
6.2832 5.2360 0.2142 592.0538
6.2832 8.7266 -100.0000 598.0240
6.2832 2.6180 100.0000 611.4575
6.2832 1.7453 100.0000 632.0497
6.2832 5.2360 -25.0068 633.1464
6.2832 6.1087 -8.3722 633.1768
6.2832 3.4907 100.0000 640.9746
6.2832 4.3633 34.0187 644.6608
6.2832 8.7267 -100.0000 650.6315
6.2832 4.3633 100.0000 654.3173
6.2832 1.7453 100.0000 674.9095
6.2832 6.1087 -58.8113 674.9399
6.2832 6.9813 -29.5626 675.4272
6.2832 3.4906 100.0000 683.2256
6.2832 3.4906 67.8182 691.0239
6.2832 6.1087 -33.5917 691.0544
6.2832 6.1087 4.2383 691.0848
6.2832 2.6179 100.0000 704.5189
6.2832 3.4907 55.2040 712.3167
6.2832 6.1087 -33.5904 712.3472
6.2832 5.2360 38.0428 713.4438
6.2832 3.4907 93.0340 721.2416
6.2832 5.2359 0.2179 722.3385
6.2832 6.1087 -8.3736 722.3690
6.2832 5.2361 38.0391 723.4655
6.2832 2.6180 100.0000 736.8989
6.2832 5.2360 -12.3963 737.9955
6.2832 6.1086 -8.3685 738.0261
6.2832 4.3633 71.8423 741.7119
6.2832 3.4907 80.4250 749.5096
6.2832 6.1087 -33.5904 749.5401
6.2832 5.2360 38.0428 750.6368
6.2832 5.2360 25.4324 751.7335
6.2832 4.3633 59.2332 755.4193
6.2832 4.3633 46.6241 759.1050
6.2832 5.2360 12.8233 760.2017
6.2832 5.2361 25.4287 761.2982
6.2832 3.4905 93.0428 769.0970
6.2832 5.2361 0.2077 770.1935
6.2832 6.1087 -8.3708 770.2240
6.2832 5.2360 38.0428 771.3207
6.2832 3.4906 93.0378 779.1190
6.2832 4.3633 34.0136 782.8048
6.2832 6.1087 -20.9813 782.8353
6.2832 5.2360 38.0428 783.9319
6.2832 3.4906 93.0378 791.7303
6.2832 4.3633 34.0136 795.4161
6.2832 6.9813 -54.7821 795.9034
6.2832 5.2361 50.6482 796.9999
6.2832 2.6179 100.0000 810.4340
6.2832 3.4907 55.2040 818.2318
6.2832 6.9813 -67.3912 818.7191
6.2832 5.2360 50.6519 819.8157
6.2832 3.4906 93.0378 827.6141
6.2832 5.2361 0.2091 828.7106
6.2832 6.1087 -8.3708 828.7410
6.2832 5.2360 38.0428 829.8377
6.2832 2.6179 100.0000 843.2718
6.2832 5.2361 -12.4014 844.3683
6.2832 6.1086 -8.3671 844.3988
6.2832 4.3633 71.8423 848.0846
6.2832 3.4906 80.4287 855.8829
6.2832 6.1088 -33.5954 855.9133
6.2832 5.2360 38.0442 857.0100
6.2832 4.3633 59.2332 860.6958
6.2832 4.3633 46.6241 864.3816
6.2832 5.2360 12.8233 865.4783
6.2832 4.3633 59.2332 869.1641
6.2832 5.2361 12.8196 870.2606
6.2832 4.3632 59.2420 873.9471
6.2832 4.3633 46.6214 877.6329
6.2832 5.2360 12.8233 878.7296
6.2832 6.9814 -42.1767 879.2170
6.2832 3.4906 100.0000 887.0154
6.2832 2.6180 100.0000 900.4488
6.2832 6.9814 -80.0054 900.9363
6.2832 6.1087 16.8488 900.9667
6.2832 3.4906 100.0000 908.7651
6.2832 4.3633 34.0136 912.4509
6.2832 6.1086 -20.9776 912.4814
6.2832 6.9813 -29.5639 912.9687
6.2832 1.7453 100.0000 933.5609
6.2832 2.6180 76.3995 946.9943
6.2832 6.1087 -46.2008 947.0248
6.2832 5.2361 38.0391 948.1213
6.2832 3.4906 93.0391 955.9196
6.2832 4.3633 34.0136 959.6054
6.2832 6.9813 -54.7821 960.0927
6.2832 6.1087 16.8474 960.1232
6.2832 1.7452 100.0000 980.7162
6.2832 3.4907 42.5935 988.5140
6.2832 6.1087 -33.5904 988.5445
6.2832 5.2360 38.0428 989.6412
6.2832 2.6180 100.0000 1003.0746
6.2832 5.2360 -12.3963 1004.1713
6.2832 7.8540 -75.9776 1006.6387
6.2832 2.6180 100.0000 1020.0721
6.2832 1.7453 100.0000 1040.6643
6.2832 6.1087 -58.8113 1040.6948
6.2832 6.1087 4.2383 1040.7253
6.2832 3.4905 100.0000 1048.5242
6.2832 4.3633 34.0123 1052.2100
6.2832 6.1087 -20.9813 1052.2405
6.2832 6.1087 4.2383 1052.2710
6.2832 2.6180 100.0000 1065.7043
6.2832 3.4906 55.2091 1073.5027
6.2832 6.1087 -33.5917 1073.5332
6.2832 5.2361 38.0391 1074.6296
6.2832 3.4906 93.0391 1082.4280
6.2832 5.2361 0.2091 1083.5244
6.2832 5.2359 25.4374 1084.6213
6.2832 6.1087 -8.3736 1084.6519
6.2832 3.4906 100.0000 1092.4502
6.2832 3.4906 67.8182 1100.2485
6.2832 6.9814 -67.3963 1100.7360
6.2832 5.2360 50.6533 1101.8326
6.2832 3.4907 93.0340 1109.6304
6.2832 5.2360 0.2142 1110.7271
6.2832 6.1087 -8.3722 1110.7576
6.2832 4.3633 71.8437 1114.4434
6.2832 3.4905 80.4324 1122.2422
6.2832 6.1087 -33.5931 1122.2727
6.2832 5.2361 38.0391 1123.3691
6.2832 3.4906 93.0391 1131.1675
6.2832 5.2360 0.2128 1132.2642
6.2832 5.2361 25.4287 1133.3606
6.2832 6.1087 -8.3708 1133.3911
6.2832 3.4906 100.0000 1141.1895
6.2832 4.3633 34.0136 1144.8752
6.2832 6.1087 -20.9813 1144.9058
6.2832 5.2359 38.0465 1146.0027
6.2832 3.4906 93.0364 1153.8010
6.2832 5.2361 0.2091 1154.8975
6.2832 5.2360 25.4337 1155.9941
6.2832 6.1087 -8.3722 1156.0247
6.2832 4.3633 71.8437 1159.7104
6.2832 3.4907 80.4250 1167.5082
6.2832 5.2360 0.2142 1168.6049
6.2832 5.2361 25.4287 1169.7013
6.2832 5.2360 25.4337 1170.7980
6.2832 3.4905 93.0414 1178.5968
6.2832 5.2360 0.2114 1179.6935
6.2832 8.7267 -100.0000 1185.6642
6.2832 2.6180 100.0000 1199.0975
6.2832 0.8726 100.0000 1228.3718
6.2832 5.2361 -37.6209 1229.4683
6.2832 5.2360 25.4337 1230.5649
6.2832 4.3633 59.2332 1234.2507
6.2832 4.3633 46.6241 1237.9365
6.2832 6.9814 -54.7858 1238.4240
6.2832 3.4905 100.0000 1246.2228
6.2832 3.4906 67.8168 1254.0211
6.2832 6.1087 -33.5917 1254.0516
6.2832 5.2360 38.0428 1255.1483
6.2832 4.3633 59.2332 1258.8341
6.2832 4.3633 46.6241 1262.5199
6.2832 5.2360 12.8233 1263.6166
6.2832 6.1087 -8.3722 1263.6471
6.2832 3.4908 100.0000 1271.4443
6.2832 4.3633 34.0201 1275.1305
6.2832 6.1085 -20.9753 1275.1610
6.2832 5.2361 38.0364 1276.2574
6.2832 3.4906 93.0391 1284.0558
6.2832 5.2361 0.2091 1285.1522
6.2832 6.1087 -8.3708 1285.1827
6.2832 5.2361 38.0391 1286.2792
6.2832 2.6180 100.0000 1299.7125
6.2832 5.2359 -12.3926 1300.8094
6.2832 5.2361 25.4273 1301.9059
6.2832 4.3633 59.2383 1305.5920
6.2832 5.2359 12.8256 1306.6890
6.2832 4.3634 59.2281 1310.3744
6.2832 4.3633 46.6292 1314.0605
6.2832 7.8541 -88.5917 1316.5282
6.2832 3.4906 100.0000 1324.3265
6.2832 2.6180 100.0000 1337.7599
6.2832 6.1087 -46.2008 1337.7904
6.2832 6.9813 -29.5626 1338.2777
6.2832 3.4906 100.0000 1346.0760
6.2832 3.4908 67.8108 1353.8733
6.2832 8.7265 -100.0000 1359.8431
6.2832 5.2361 75.8664 1360.9396
6.2832 2.6178 100.0000 1374.3744
6.2832 5.2361 -12.4027 1375.4708
6.2832 6.9813 -42.1716 1375.9581
6.2832 3.4908 100.0000 1383.7554
6.2832 3.4906 67.8209 1391.5537
6.2832 6.9813 -67.3926 1392.0410
6.2832 6.9813 -16.9535 1392.5283
6.2832 2.6180 100.0000 1405.9617
6.2832 2.6178 89.0173 1419.3965
6.2832 6.1087 -46.2036 1419.4270
6.2832 6.1087 4.2383 1419.4575
6.2832 3.4908 100.0000 1427.2548
6.2832 4.3633 34.0201 1430.9409
6.2832 8.7267 -100.0000 1436.9116
6.2832 3.4906 100.0000 1444.7100
6.2832 2.6180 100.0000 1458.1433
6.2832 5.2361 -12.4000 1459.2397
6.2832 6.9811 -42.1643 1459.7268
6.2832 4.3634 84.4463 1463.4122
6.2832 3.4906 80.4300 1471.2106
6.2832 5.2361 0.2091 1472.3070
6.2832 8.7267 -100.0000 1478.2777
6.2832 2.6178 100.0000 1491.7125
6.2832 0.8728 100.0000 1520.9847
6.2832 5.2359 -37.6108 1522.0817
6.2832 5.2361 25.4273 1523.1781
6.2832 4.3634 59.2309 1526.8635
6.2832 4.3633 46.6292 1530.5497
6.2832 5.2359 12.8256 1531.6466
6.2832 6.1087 -8.3736 1531.6771
6.2832 4.3634 71.8400 1535.3625
6.2832 3.4906 80.4300 1543.1609
6.2832 5.2359 0.2165 1544.2578
6.2832 6.1087 -8.3736 1544.2883
6.2832 3.4908 100.0000 1552.0856
6.2832 5.2359 0.2192 1553.1825
6.2832 7.8541 -75.9826 1555.6501
6.2832 2.6180 100.0000 1569.0835
6.2832 1.7452 100.0000 1589.6766
6.2832 6.1087 -58.8127 1589.7072
6.2832 6.9813 -29.5626 1590.1945
6.2832 2.6180 100.0000 1603.6278
6.2832 3.4906 55.2091 1611.4261
6.2832 6.1087 -33.5917 1611.4567
6.2832 6.9813 -29.5626 1611.9440
6.2832 2.6180 100.0000 1625.3773
6.2832 3.4906 55.2091 1633.1757
6.2832 5.2361 0.2091 1634.2721
6.2832 5.2359 25.4374 1635.3690
6.2832 4.3634 59.2281 1639.0544
6.2832 4.3633 46.6292 1642.7406
6.2832 4.3633 46.6264 1646.4268
6.2832 7.8541 -88.5917 1648.8944
6.2832 3.4906 100.0000 1656.6927
6.2832 2.6180 100.0000 1670.1261
6.2832 6.1087 -46.2008 1670.1566
6.2832 6.9813 -29.5626 1670.6439
6.2832 3.4908 100.0000 1678.4412
6.2832 3.4904 67.8283 1686.2406
6.2832 7.8541 -100.0000 1688.7083
6.2832 5.2359 63.2675 1689.8052
6.2832 2.6180 100.0000 1703.2385
6.2832 5.2361 -12.4000 1704.3350
6.2832 6.1087 -8.3708 1704.3655
6.2832 4.3633 71.8474 1708.0516
6.2832 4.3634 46.6190 1711.7371
6.2832 5.2361 12.8210 1712.8335
6.2832 6.9811 -42.1643 1713.3206
6.2832 3.4906 100.0000 1721.1189
6.2832 2.6180 100.0000 1734.5522
6.2832 6.1087 -46.2008 1734.5828
6.2832 7.8541 -63.3708 1737.0504
6.2832 3.4906 100.0000 1744.8488
6.2832 2.6180 100.0000 1758.2821
6.2832 10.4719 -100.0000 1775.8275
6.2832 6.9815 33.4783 1776.3151
6.2832 3.4906 100.0000 1784.1134
6.2832 5.2359 0.2165 1785.2103
6.2832 6.9813 -42.1744 1785.6976
6.2832 3.4906 100.0000 1793.4960
6.2832 4.3634 34.0100 1797.1814
6.2832 6.1087 -20.9799 1797.2119
6.2832 6.1087 4.2383 1797.2424
6.2832 2.6180 100.0000 1810.6758
6.2832 3.4906 55.2091 1818.4741
6.2832 6.1087 -33.5917 1818.5046
6.2832 5.2359 38.0465 1819.6016
6.2832 3.4906 93.0364 1827.3999
6.2832 5.2361 0.2091 1828.4963
6.2832 5.2359 25.4374 1829.5933
6.2832 6.1087 -8.3736 1829.6238
6.2832 3.4908 100.0000 1837.4210
6.2832 3.4906 67.8209 1845.2194
6.2832 6.1087 -33.5917 1845.2499
6.2832 6.1087 4.2383 1845.2804
6.2832 3.4906 100.0000 1853.0787
6.2832 4.3633 34.0173 1856.7649
6.2832 8.7267 -100.0000 1862.7356
6.2832 3.4906 100.0000 1870.5339
6.2832 2.6180 100.0000 1883.9673
6.2832 6.1087 -46.2008 1883.9978
6.2832 6.1087 4.2383 1884.0283
6.2832 4.3633 71.8474 1887.7145
6.2832 4.3634 46.6190 1891.3999
6.2832 5.2359 12.8283 1892.4968
6.2832 6.1087 -8.3736 1892.5273
6.2832 3.4906 100.0000 1900.3257
6.2832 4.3633 34.0173 1904.0118
6.2832 6.9815 -54.7909 1904.4994
6.2832 4.3633 84.4592 1908.1855
6.2832 3.4906 80.4273 1915.9839
6.2832 6.1087 -33.5917 1916.0144
6.2832 5.2359 38.0465 1917.1113
6.2832 4.3634 59.2281 1920.7968
6.2832 4.3633 46.6292 1924.4829
6.2832 4.3633 46.6264 1928.1691
6.2832 6.1089 -20.9900 1928.1995
6.2832 4.3633 71.8501 1931.8856
6.2832 3.4906 80.4273 1939.6840
6.2832 6.1087 -33.5917 1939.7145
6.2832 6.9813 -29.5626 1940.2018
6.2832 1.7454 100.0000 1960.7931
6.2832 2.6180 76.4009 1974.2264
6.2832 5.2361 -12.4000 1975.3229
6.2832 6.1087 -8.3708 1975.3534
6.2832 3.4906 100.0000 1983.1517
6.2832 4.3633 34.0173 1986.8379
6.2832 6.1087 -20.9826 1986.8684
6.2832 6.9815 -29.5699 1987.3560
6.2832 1.7452 100.0000 2007.9491
6.2832 2.6180 76.3981 2021.3824
6.2832 5.2361 -12.4000 2022.4789
6.2832 6.1083 -8.3560 2022.5095
6.2832 3.4908 100.0000 2030.3068
6.2832 4.3633 34.0201 2033.9929
6.2832 6.9813 -54.7835 2034.4802
6.2832 6.1087 16.8474 2034.5107
6.2832 2.6180 100.0000 2047.9441
6.2832 4.3634 21.4009 2051.6294
6.2832 6.1087 -20.9799 2051.6599
6.2832 4.3633 71.8474 2055.3459
6.2832 3.4906 80.4273 2063.1443
6.2832 5.2361 0.2091 2064.2407
