0 40.0000
0 40.0000
2 40.0000
6 40.0000
10 40.0000
14 40.0000
20 40.0000
26 40.0000
32 40.0000
38 40.0000
44 40.0000
50 40.0000
57 40.0000
63 40.0000
70 40.0000
76 40.0000
83 40.0000
90 40.0000
96 40.0000
103 40.0000
110 40.0000
117 40.0000
124 40.0000
130 40.0000
137 40.0000
144 40.0000
150 40.0000
157 40.0000
164 40.0000
170 40.0000
177 40.0000
184 40.0000
190 40.0000
197 40.0000
204 40.0000
210 40.0000
217 40.0000
223 40.0000
230 40.0000
236 40.0000
244 40.0000
250 40.0000
257 40.0000
264 40.0000
270 40.0000
277 40.0000
284 40.0000
290 40.0000
297 40.0000
304 40.0000
310 40.0000
317 40.0000
324 40.0000
330 40.0000
337 40.0000
343 40.0000
350 40.0000
357 40.0000
363 40.0000
370 40.0000
377 40.0000
384 40.0000
390 40.0000
397 40.0000
404 40.0000
410 40.0000
417 40.0000
424 40.0000
430 40.0000
437 40.0000
444 40.0000
450 40.0000
457 40.0000
464 40.0000
470 40.0000
477 40.0000
483 40.0000
490 40.0000
497 40.0000
503 40.0000
511 40.0000
517 40.0000
524 40.0000
530 40.0000
537 40.0000
544 40.0000
550 40.0000
557 40.0000
564 40.0000
570 40.0000
577 40.0000
584 40.0000
590 40.0000
597 40.0000
604 40.0000
610 40.0000
617 40.0000
623 40.0000
630 40.0000
637 40.0000
