0.0000 40.0000
0.0175 40.0000
0.0524 40.0000
0.1222 40.0000
0.1920 40.0000
0.2618 40.0000
0.3665 40.0000
0.4712 40.0000
0.5760 40.0000
0.6807 40.0000
0.7854 40.0000
0.8901 40.0000
1.0123 40.0000
1.1170 40.0000
1.2392 40.0000
1.3614 40.0000
1.4661 40.0000
1.5882 40.0000
1.6930 40.0000
1.8151 40.0000
1.9373 40.0000
2.0420 40.0000
2.1642 40.0000
2.2864 40.0000
2.3911 40.0000
2.5133 40.0000
2.6354 40.0000
2.7402 40.0000
2.8623 40.0000
2.9845 40.0000
3.0892 40.0000
3.2114 40.0000
3.3336 40.0000
3.4383 40.0000
3.5605 40.0000
3.6826 40.0000
3.7874 40.0000
3.9095 40.0000
4.0317 40.0000
4.1364 40.0000
4.2586 40.0000
4.3633 40.0000
4.4855 40.0000
4.6077 40.0000
4.7124 40.0000
4.8346 40.0000
4.9567 40.0000
5.0615 40.0000
5.1836 40.0000
5.2883 40.0000
5.4105 40.0000
5.5327 40.0000
5.6549 40.0000
5.7596 40.0000
5.8818 40.0000
6.0039 40.0000
6.1087 40.0000
6.2308 40.0000
6.3355 40.0000
6.4577 40.0000
6.5799 40.0000
6.6846 40.0000
6.8068 40.0000
6.9290 40.0000
7.0337 40.0000
7.1558 40.0000
7.2780 40.0000
7.3827 40.0000
7.5049 40.0000
7.6271 40.0000
7.7318 40.0000
7.8540 40.0000
7.9762 40.0000
8.0809 40.0000
8.2030 40.0000
8.3252 40.0000
8.4299 40.0000
8.5521 40.0000
8.6743 40.0000
8.7965 40.0000
8.9186 40.0000
9.0234 40.0000
9.1455 40.0000
9.2677 40.0000
9.3724 40.0000
9.4946 40.0000
9.6168 40.0000
9.7215 40.0000
9.8437 40.0000
9.9658 40.0000
10.0705 40.0000
10.1927 40.0000
10.3149 40.0000
10.4196 40.0000
10.5418 40.0000
10.6814 40.0000
10.7861 40.0000
10.9083 40.0000
11.0305 40.0000
11.1352 40.0000
