0.0000 40.0000
0.8727 40.0000
1.7453 40.0000
2.6180 40.0000
3.4907 40.0000
4.3633 40.0000
4.3633 40.0000
5.2360 40.0000
5.2360 40.0000
5.2360 40.0000
5.2360 40.0000
6.1087 40.0000
5.2360 40.0000
6.1087 40.0000
5.2360 40.0000
5.2360 40.0000
6.1087 40.0000
6.1087 40.0000
5.2360 40.0000
6.1086 40.0000
6.1087 40.0000
5.2360 40.0000
6.1087 40.0000
5.2360 40.0000
6.1087 40.0000
5.2360 40.0000
6.1087 40.0000
6.1087 40.0000
5.2360 40.0000
6.1087 40.0000
6.1087 40.0000
5.2360 40.0000
5.2360 40.0000
6.1087 40.0000
6.1087 40.0000
5.2360 40.0000
6.1087 40.0000
6.1087 40.0000
5.2360 40.0000
6.1087 40.0000
6.1086 40.0000
5.2360 40.0000
6.1087 40.0000
5.2360 40.0000
6.1086 40.0000
5.2360 40.0000
6.1086 40.0000
6.1087 40.0000
5.2360 40.0000
6.1086 40.0000
6.1087 40.0000
5.2360 40.0000
6.1086 40.0000
5.2360 40.0000
6.1086 40.0000
6.1087 40.0000
5.2360 40.0000
6.1086 40.0000
5.2360 40.0000
6.1086 40.0000
6.1086 40.0000
5.2360 40.0000
6.1086 40.0000
6.1087 40.0000
5.2360 40.0000
6.1086 40.0000
5.2360 40.0000
6.1086 40.0000
5.2360 40.0000
6.1087 40.0000
6.1086 40.0000
5.2360 40.0000
6.1087 40.0000
6.1087 40.0000
5.2360 40.0000
6.1087 40.0000
5.2360 40.0000
6.1086 40.0000
6.1087 40.0000
5.2360 40.0000
6.1086 40.0000
5.2360 40.0000
6.1087 40.0000
6.1086 40.0000
5.2360 40.0000
6.1087 40.0000
6.1087 40.0000
5.2360 40.0000
6.1087 40.0000
5.2360 40.0000
6.1087 40.0000
6.1087 40.0000
5.2360 40.0000
6.1086 40.0000
5.2360 40.0000
6.1087 40.0000
6.1086 40.0000
5.2360 40.0000
6.1087 40.0000
6.1086 40.0000
