0.0000 0.0000 0.0000 0.0000
0.0942 0.0000 33.6936 0.0089
0.1885 0.0000 67.3872 0.0444
0.2827 0.0524 82.3621 0.0975
0.3770 0.1222 91.0975 0.1624
0.4712 0.2269 87.3537 0.2221
0.5655 0.3665 71.1309 0.2617
0.6597 0.5061 54.9081 0.2853
0.7540 0.6458 38.6852 0.2970
0.8482 0.8029 16.2228 0.2991
0.9425 0.8901 18.7186 0.3018
1.0367 0.9599 27.4541 0.3077
1.1310 1.0123 42.4290 0.3218
1.2252 1.0647 57.4039 0.3476
1.3195 1.1170 72.3788 0.3886
1.4137 1.2043 74.8746 0.4324
1.5080 1.3090 71.1309 0.4720
1.6022 1.4661 48.6685 0.4906
1.6965 1.5882 38.6852 0.5023
1.7907 1.7104 28.7019 0.5087
1.8850 1.7977 31.1978 0.5163
1.9792 1.8675 39.9331 0.5288
2.0735 1.9373 48.6685 0.5473
2.1677 2.0071 57.4038 0.5731
2.2619 2.0944 59.8997 0.6012
2.3562 2.1817 62.3955 0.6317
2.4504 2.3038 52.4122 0.6531
2.5447 2.3911 54.9081 0.6767
2.6389 2.4958 51.1643 0.6972
2.7332 2.5831 53.6601 0.7197
2.8274 2.6704 56.1559 0.7444
2.9217 2.7751 52.4122 0.7659
3.0159 2.8623 54.9081 0.7895
3.1102 2.9496 57.4038 0.8153
3.2044 3.0718 47.4205 0.8329
3.2987 3.1590 49.9164 0.8524
3.3929 3.2463 52.4122 0.8739
3.4872 3.3336 54.9081 0.8975
3.5814 3.4034 63.6433 0.9292
3.6757 3.4907 66.1393 0.9634
3.7699 3.5954 62.3955 0.9938
3.8642 3.7001 58.6518 1.0208
3.9584 3.8048 54.9081 1.0444
4.0527 3.9270 44.9249 1.0601
4.1469 4.0317 41.1811 1.0734
4.2411 4.1190 43.6768 1.0883
4.3354 4.2062 46.1726 1.1050
4.4296 4.2761 54.9080 1.1286
4.5239 4.3459 63.6433 1.1603
4.6181 4.4331 66.1392 1.1945
4.7124 4.5379 62.3955 1.2250
4.8066 4.6600 52.4123 1.2465
4.9009 4.7647 48.6685 1.2650
4.9951 4.8695 44.9248 1.2808
5.0894 4.9567 47.4206 1.2984
5.1836 5.0440 49.9165 1.3179
5.2779 5.1138 58.6518 1.3448
5.3721 5.2011 61.1477 1.3741
5.4664 5.2883 63.6433 1.4058
5.5606 5.3756 66.1392 1.4400
5.6549 5.5152 49.9163 1.4595
5.7491 5.6200 46.1726 1.4762
5.8434 5.7072 48.6685 1.4947
5.9376 5.7945 51.1643 1.5152
6.0319 5.8818 53.6600 1.5377
6.1261 5.9516 62.3955 1.5682
6.2204 6.0388 64.8913 1.6011
6.3146 6.1261 67.3870 1.6366
6.4088 6.2657 51.1643 1.6571
6.5031 6.3705 47.4205 1.6747
6.5973 6.4752 43.6770 1.6897
6.6916 6.5624 46.1725 1.7063
6.7858 6.6497 48.6685 1.7249
6.8801 6.7195 57.4038 1.7506
6.9743 6.8068 59.8995 1.7787
7.0686 6.8766 68.6349 1.8156
7.1628 6.9813 64.8913 1.8485
7.2571 7.1209 48.6683 1.8671
7.3513 7.2257 44.9248 1.8829
7.4456 7.3304 41.1809 1.8961
7.5398 7.4176 43.6770 1.9110
7.6341 7.5049 46.1726 1.9277
7.7283 7.5922 48.6685 1.9463
7.8226 7.6794 51.1645 1.9667
7.9168 7.7667 53.6600 1.9893
8.0111 7.8714 49.9166 2.0088
8.1053 7.9587 52.4123 2.0303
8.1996 8.0460 54.9082 2.0539
8.2938 8.1507 51.1646 2.0743
8.3881 8.2380 53.6603 2.0969
8.4823 8.3252 56.1557 2.1215
8.5765 8.4299 52.4121 2.1430
8.6708 8.5172 54.9078 2.1666
8.7650 8.6045 57.4038 2.1924
8.8593 8.7092 53.6600 2.2149
8.9535 8.7965 56.1557 2.2396
9.0478 8.8837 58.6517 2.2665
9.1420 8.9884 54.9078 2.2901
9.2363 9.0757 57.4038 2.3159
9.3305 9.1630 59.8995 2.3440
9.4248 9.2502 62.3955 2.3744
9.5190 9.3375 64.8915 2.4074
9.6133 9.4771 48.6683 2.4259
9.7075 9.5644 51.1643 2.4464
9.8018 9.6517 53.6600 2.4689
9.8960 9.7389 56.1560 2.4936
9.9903 9.8262 58.6520 2.5205
10.0845 9.9135 61.1477 2.5498
10.1788 10.0007 63.6433 2.5815
10.2730 10.1055 59.8998 2.6095
10.3673 10.2102 56.1560 2.6342
10.4615 10.3323 46.1726 2.6509
10.5558 10.4371 42.4291 2.6650
10.6500 10.5243 44.9248 2.6808
10.7442 10.5941 53.6603 2.7033
10.8385 10.6814 56.1560 2.7280
10.9327 10.7512 64.8912 2.7609
11.0270 10.8385 67.3868 2.7964
11.1212 10.9432 63.6430 2.8281
11.2155 11.0828 47.4205 2.8457
11.3097 11.1876 43.6766 2.8607
11.4040 11.2923 39.9331 2.8731
11.4982 11.3795 42.4291 2.8872
11.5925 11.4668 44.9248 2.9030
11.6867 11.5366 53.6600 2.9255
11.7810 11.6239 56.1560 2.9502
11.8752 11.7112 58.6517 2.9771
11.9695 11.8333 48.6683 2.9957
12.0637 11.9206 51.1643 3.0161
12.1580 12.0253 47.4205 3.0337
12.2522 12.1126 49.9165 3.0532
12.3465 12.1999 52.4121 3.0747
12.4407 12.2871 54.9078 3.0983
12.5350 12.3744 57.4042 3.1241
12.6292 12.4617 59.8998 3.1522
12.7235 12.5838 49.9165 3.1717
12.8177 12.6711 52.4121 3.1932
12.9119 12.7584 54.9078 3.2168
13.0062 12.8282 63.6437 3.2484
13.1004 12.9154 66.1394 3.2827
13.1947 13.0027 68.6354 3.3195
13.2889 13.1074 64.8912 3.3525
13.3832 13.2121 61.1473 3.3817
13.4774 13.3343 51.1643 3.4022
13.5717 13.4390 47.4205 3.4198
13.6659 13.5263 49.9161 3.4393
13.7602 13.5961 58.6517 3.4662
13.8544 13.6659 67.3868 3.5018
13.9487 13.7532 69.8825 3.5400
14.0429 13.8579 66.1394 3.5742
14.1372 13.9626 62.3955 3.6047
14.2314 14.0848 52.4121 3.6261
14.3257 14.1895 48.6683 3.6447
14.4199 14.2942 44.9248 3.6605
14.5142 14.3815 47.4205 3.6781
14.6084 14.4688 49.9165 3.6976
14.7027 14.5386 58.6517 3.7245
14.7969 14.6084 67.3868 3.7600
14.8911 14.7131 63.6433 3.7917
14.9854 14.8178 59.8998 3.8198
15.0796 14.9226 56.1560 3.8444
15.1739 15.0098 58.6517 3.8714
15.2681 15.0971 61.1477 3.9006
15.3624 15.1844 63.6433 3.9323
15.4566 15.2716 66.1394 3.9665
15.5509 15.3589 68.6354 4.0034
15.6451 15.4636 64.8915 4.0363
15.7394 15.5858 54.9078 4.0599
15.8336 15.6905 51.1640 4.0804
15.9279 15.7603 59.8995 4.1085
16.0221 15.8476 62.3959 4.1390
16.1164 15.9174 71.1310 4.1785
16.2106 16.0047 73.6270 4.2210
16.3049 16.0919 76.1227 4.2663
16.3991 16.1967 72.3792 4.3073
16.4934 16.3537 49.9168 4.3268
16.5876 16.4585 46.1726 4.3435
16.6819 16.5457 48.6683 4.3620
16.7761 16.6330 51.1646 4.3825
16.8704 16.7028 59.9002 4.4106
16.9646 16.7726 68.6350 4.4474
17.0588 16.8599 71.1307 4.4870
17.1531 16.9471 73.6264 4.5294
17.2473 17.0693 63.6430 4.5611
17.3416 17.1740 59.8995 4.5892
17.4358 17.2788 56.1560 4.6139
17.5301 17.3660 58.6517 4.6408
17.6243 17.4533 61.1473 4.6700
17.7186 17.5406 63.6430 4.7017
17.8128 17.6278 66.1387 4.7359
17.9071 17.7151 68.6350 4.7728
18.0013 17.8373 58.6517 4.7997
18.0956 17.9245 61.1473 4.8290
18.1898 18.0118 63.6430 4.8607
18.2841 18.1165 59.8995 4.8887
18.3783 18.2038 62.3952 4.9192
18.4726 18.2910 64.8915 4.9521
18.5668 18.3783 67.3872 4.9877
18.6611 18.4830 63.6430 5.0194
18.7553 18.6052 53.6603 5.0419
18.8496 18.6925 56.1560 5.0666
18.9438 18.7797 58.6517 5.0935
19.0381 18.8670 61.1473 5.1227
19.1323 18.9368 69.8829 5.1610
19.2265 19.0241 72.3785 5.2019
19.3208 19.1288 68.6350 5.2388
19.4150 19.2335 64.8915 5.2717
19.5093 19.3732 48.6683 5.2903
19.6035 19.4779 44.9248 5.3061
19.6978 19.5651 47.4205 5.3237
19.7920 19.6524 49.9168 5.3432
19.8863 19.7222 58.6517 5.3701
19.9805 19.7920 67.3872 5.4056
20.0748 19.8793 69.8829 5.4438
20.1690 19.9840 66.1394 5.4780
20.2633 20.1236 49.9168 5.4975
20.3575 20.2284 46.1726 5.5142
20.4518 20.3156 48.6683 5.5328
20.5460 20.4029 51.1640 5.5532
20.6403 20.4902 53.6603 5.5758
20.7345 20.5774 56.1560 5.6004
20.8288 20.6472 64.8915 5.6334
20.9230 20.7345 67.3872 5.6689
21.0173 20.8567 57.4038 5.6947
21.1115 20.9614 53.6603 5.7172
21.2058 21.0487 56.1560 5.7419
21.3000 21.1359 58.6523 5.7688
21.3942 21.2058 67.3872 5.8044
21.4885 21.2930 69.8829 5.8426
21.5827 21.3803 72.3792 5.8836
21.6770 21.4850 68.6350 5.9204
21.7712 21.6246 52.4118 5.9419
21.8655 21.7119 54.9075 5.9655
21.9597 21.7992 57.4031 5.9913
22.0540 21.8864 59.8988 6.0194
22.1482 21.9737 62.3952 6.0498
22.2425 22.0435 71.1307 6.0894
22.3367 22.1308 73.6264 6.1318
22.4310 22.2180 76.1220 6.1772
22.5252 22.3577 59.8995 6.2052
22.6195 22.4449 62.3952 6.2357
22.7137 22.5497 58.6517 6.2626
22.8080 22.6369 61.1473 6.2919
22.9022 22.7242 63.6430 6.3236
22.9965 22.8115 66.1394 6.3578
23.0907 22.8987 68.6350 6.3946
23.1850 22.9860 71.1307 6.4342
23.2792 23.1256 54.9082 6.4578
23.3734 23.2129 57.4038 6.4836
23.4677 23.3001 59.8995 6.5117
23.5619 23.3874 62.3952 6.5421
23.6562 23.4747 64.8908 6.5751
23.7504 23.5445 73.6264 6.6175
23.8447 23.6318 76.1220 6.6628
23.9389 23.7190 78.6184 6.7112
24.0332 23.8761 56.1560 6.7359
24.1274 23.9808 52.4125 6.7574
24.2217 24.0681 54.9082 6.7810
24.3159 24.1379 63.6430 6.8126
24.4102 24.2077 72.3785 6.8536
24.5044 24.2775 81.1141 6.9051
24.5987 24.3473 89.8496 6.9683
24.6929 24.4521 86.1054 7.0263
24.7872 24.6091 63.6430 7.0580
24.8814 24.7313 53.6603 7.0805
24.9757 24.8360 49.9168 7.1000
25.0699 24.9233 52.4125 7.1215
25.1642 24.9931 61.1480 7.1508
25.2584 25.0804 63.6437 7.1824
25.3527 25.1851 59.8995 7.2105
25.4469 25.2898 56.1560 7.2352
25.5411 25.4644 27.4537 7.2411
25.6354 25.6040 11.2319 7.2421
25.7296 25.7087 7.4877 7.2425
25.8239 25.7960 9.9834 7.2433
25.9181 25.8658 18.7189 7.2460
26.0124 25.9181 33.6936 7.2549
26.1066 25.9705 48.6690 7.2735
26.2009 26.0403 57.4038 7.2992
26.2951 26.1625 47.4205 7.3168
26.3894 26.2672 43.6770 7.3318
26.4836 26.3894 33.6936 7.3406
26.5779 26.5116 23.7095 7.3450
26.6721 26.6163 19.9667 7.3482
26.7664 26.7035 22.4624 7.3521
26.8606 26.7733 31.1979 7.3597
26.9549 26.8606 33.6936 7.3686
27.0491 26.9653 29.9494 7.3756
27.1434 27.0352 38.6849 7.3873
27.2376 27.1224 41.1806 7.4006
27.3319 27.2097 43.6763 7.4155
27.4261 27.3144 39.9328 7.4280
27.5204 27.4191 36.1886 7.4383
27.6146 27.5238 32.4451 7.4465
27.7088 27.6286 28.7023 7.4529
27.8031 27.7682 12.4790 7.4542
27.8973 27.8380 21.2146 7.4577
27.9916 27.9078 29.9494 7.4647
28.0858 27.9776 38.6849 7.4764
28.1801 28.0649 41.1806 7.4897
28.2743 28.1522 43.6763 7.5046
28.3686 28.2394 46.1719 7.5213
28.4628 28.3441 42.4284 7.5354
28.5571 28.5012 19.9667 7.5385
28.6513 28.6059 16.2232 7.5405
28.7456 28.6932 18.7189 7.5433
28.8398 28.7630 27.4537 7.5492
28.9341 28.8328 36.1893 7.5594
29.0283 28.9027 44.9248 7.5752
29.1226 28.9899 47.4205 7.5928
29.2168 29.0772 49.9161 7.6123
29.3111 29.2343 27.4537 7.6182
29.4053 29.3390 23.7095 7.6226
29.4996 29.4437 19.9660 7.6257
29.5938 29.5135 28.7023 7.6322
29.6881 29.6008 31.1979 7.6398
29.7823 29.6706 39.9335 7.6523
29.8765 29.7579 42.4291 7.6663
29.9708 29.8451 44.9248 7.6821
30.0650 29.9848 28.7016 7.6886
30.1593 30.0895 24.9581 7.6935
30.2535 30.1767 27.4537 7.6994
30.3478 30.2640 29.9494 7.7064
30.4420 30.3513 32.4451 7.7146
30.5363 30.4385 34.9421 7.7242
30.6305 30.5258 37.4378 7.7351
30.7248 30.6131 39.9335 7.7476
30.8190 30.7352 29.9501 7.7546
30.9133 30.8225 32.4458 7.7629
31.0075 30.9272 28.7023 7.7693
31.1018 31.0145 31.1979 7.7769
31.1960 31.1018 33.6936 7.7858
31.2903 31.1890 36.1893 7.7961
31.3845 31.2763 38.6843 7.8078
31.4788 31.3636 41.1799 7.8210
31.5730 31.4857 31.1979 7.8286
31.6673 31.5905 27.4537 7.8345
31.7615 31.6777 29.9494 7.8416
31.8557 31.7824 26.2059 7.8469
31.9500 31.8523 34.9408 7.8565
32.0442 31.9395 37.4378 7.8675
32.1385 32.0268 39.9321 7.8799
32.2327 32.1315 36.1899 7.8902
32.3270 32.2537 26.2059 7.8956
32.4212 32.3584 22.4624 7.8995
32.5155 32.4457 24.9581 7.9044
32.6097 32.5155 33.6943 7.9133
32.7040 32.6027 36.1899 7.9235
32.7982 32.6900 38.6856 7.9352
32.8925 32.7773 41.1813 7.9485
32.9867 32.8646 43.6770 7.9634
33.0810 33.0042 27.4537 7.9693
33.1752 33.1089 23.7102 7.9737
33.2695 33.1962 26.2059 7.9791
33.3637 33.2834 28.7016 7.9855
33.4580 33.3532 37.4378 7.9965
33.5522 33.4405 39.9335 8.0090
33.6465 33.5278 42.4291 8.0231
33.7407 33.6325 38.6856 8.0348
33.8350 33.7721 22.4624 8.0387
33.9292 33.8594 24.9567 8.0436
34.0234 33.9467 27.4537 8.0495
34.1177 34.0339 29.9494 8.0565
34.2119 34.1037 38.6843 8.0682
34.3062 34.1910 41.1799 8.0815
34.4004 34.2783 43.6770 8.0964
34.4947 34.3830 39.9321 8.1089
34.5889 34.5226 23.7102 8.1133
34.6832 34.6099 26.2059 8.1187
34.7774 34.7146 22.4624 8.1226
34.8717 34.7844 31.1972 8.1302
34.9659 34.8717 33.6929 8.1391
35.0602 34.9415 42.4278 8.1532
35.1544 35.0288 44.9248 8.1690
35.2487 35.1335 41.1799 8.1822
35.3429 35.2731 24.9581 8.1871
35.4372 35.3778 21.2146 8.1906
35.5314 35.4651 23.7102 8.1950
35.6257 35.5349 32.4451 8.2033
35.7199 35.6222 34.9421 8.2128
35.8142 35.6920 43.6770 8.2278
35.9084 35.7793 46.1726 8.2444
36.0027 35.8840 42.4278 8.2585
36.0969 36.0236 26.2059 8.2639
36.1911 36.1283 22.4610 8.2678
36.2854 36.2156 24.9581 8.2727
36.3796 36.3028 27.4537 8.2786
36.4739 36.3901 29.9508 8.2856
36.5681 36.4599 38.6856 8.2973
36.6624 36.5472 41.1813 8.3106
36.7566 36.6345 43.6770 8.3255
36.8509 36.7566 33.6943 8.3344
36.9451 36.8614 29.9494 8.3414
37.0394 36.9661 26.2059 8.3468
37.1336 37.0533 28.7016 8.3533
37.2279 37.1406 31.1972 8.3609
37.3221 37.2279 33.6943 8.3698
37.4164 37.2977 42.4291 8.3838
37.5106 37.4024 38.6856 8.3955
37.6049 37.5246 28.7029 8.4020
37.6991 37.6118 31.1972 8.4096
37.6991 37.7166 -6.2405 8.4099
37.6991 37.7864 -31.1986 8.4175
37.6991 37.8387 -49.9175 8.4370
37.6991 37.8387 -49.9175 8.4565
37.6991 37.7864 -31.1986 8.4641
37.6991 37.7166 -6.2405 8.4644
37.6991 37.6293 24.9581 8.4693
37.6991 37.5944 37.4364 8.4803
37.6991 37.5944 37.4364 8.4912
37.6991 37.6293 24.9581 8.4961
37.6991 37.6642 12.4784 8.4973
37.6991 37.7166 -6.2405 8.4976
37.6991 37.7515 -18.7189 8.5004
37.6991 37.7515 -18.7189 8.5031
37.6991 37.7515 -18.7189 8.5059
37.6991 37.7166 -6.2405 8.5062
37.6991 37.6991 0.0000 8.5062
37.6991 37.6817 6.2392 8.5065
37.6991 37.6642 12.4784 8.5077
37.6991 37.6817 6.2392 8.5080
37.6991 37.6991 0.0000 8.5080
37.6991 37.6991 0.0000 8.5080
37.6991 37.6991 0.0000 8.5080
37.6991 37.6991 0.0000 8.5080
37.6991 37.6991 0.0000 8.5080
37.6991 37.6991 0.0000 8.5080
37.6991 37.6991 0.0000 8.5080
37.6991 37.6991 0.0000 8.5080
37.6991 37.6991 0.0000 8.5080
37.6991 37.6991 0.0000 8.5080
37.6991 37.6991 0.0000 8.5080
37.6991 37.6991 0.0000 8.5080
37.6991 37.6991 0.0000 8.5080
37.6991 37.6991 0.0000 8.5080
37.6991 37.6991 0.0000 8.5080
37.6991 37.6991 0.0000 8.5080
37.6991 37.6991 0.0000 8.5080
37.6991 37.6991 0.0000 8.5080
37.6991 37.6991 0.0000 8.5080
37.6991 37.6991 0.0000 8.5080
37.6991 37.6991 0.0000 8.5080
37.6991 37.6991 0.0000 8.5080
37.6991 37.6991 0.0000 8.5080
37.6991 37.6991 0.0000 8.5080
37.6991 37.6991 0.0000 8.5080
37.6991 37.6991 0.0000 8.5080
37.6991 37.6991 0.0000 8.5080
37.6991 37.6991 0.0000 8.5080
37.6991 37.6991 0.0000 8.5080
37.6991 37.6991 0.0000 8.5080
37.6991 37.6991 0.0000 8.5080
37.6991 37.6991 0.0000 8.5080
37.6991 37.6991 0.0000 8.5080
37.6991 37.6991 0.0000 8.5080
37.6991 37.6991 0.0000 8.5080
37.6991 37.6991 0.0000 8.5080
37.6991 37.6991 0.0000 8.5080
37.6991 37.6991 0.0000 8.5080
37.6991 37.6991 0.0000 8.5080
37.6991 37.6991 0.0000 8.5080
37.6991 37.6991 0.0000 8.5080
37.6991 37.6991 0.0000 8.5080
37.6991 37.6991 0.0000 8.5080
37.6991 37.6991 0.0000 8.5080
37.6991 37.6991 0.0000 8.5080
37.6991 37.6991 0.0000 8.5080
37.6991 37.6991 0.0000 8.5080
37.6991 37.6991 0.0000 8.5080
37.6991 37.6991 0.0000 8.5080
37.6991 37.6991 0.0000 8.5080
37.6991 37.6991 0.0000 8.5080
37.6991 37.6991 0.0000 8.5080
37.6991 37.6991 0.0000 8.5080
37.6991 37.6991 0.0000 8.5080
37.6991 37.6991 0.0000 8.5080
37.6991 37.6991 0.0000 8.5080
37.6991 37.6991 0.0000 8.5080
37.6991 37.6991 0.0000 8.5080
37.6991 37.6991 0.0000 8.5080
37.6991 37.6991 0.0000 8.5080
37.6991 37.6991 0.0000 8.5080
37.6991 37.6991 0.0000 8.5080
37.6991 37.6991 0.0000 8.5080
37.6991 37.6991 0.0000 8.5080
37.6991 37.6991 0.0000 8.5080
37.6991 37.6991 0.0000 8.5080
37.6991 37.6991 0.0000 8.5080
37.6991 37.6991 0.0000 8.5080
37.6991 37.6991 0.0000 8.5080
37.6991 37.6991 0.0000 8.5080
37.6991 37.6991 0.0000 8.5080
37.6991 37.6991 0.0000 8.5080
37.6991 37.6991 0.0000 8.5080
37.6991 37.6991 0.0000 8.5080
37.6991 37.6991 0.0000 8.5080
37.6991 37.6991 0.0000 8.5080
37.6991 37.6991 0.0000 8.5080
37.6991 37.6991 0.0000 8.5080
37.6991 37.6991 0.0000 8.5080
