0.0000 0.0000 0.0000 0.0000
0.0942 0.0000 85.9186 0.0089
0.1885 0.0349 94.5292 0.0325
0.2827 0.1396 56.3431 0.0530
0.3770 0.2618 35.9398 0.0662
0.4712 0.4189 -7.8618 0.0690
0.5655 0.5236 12.9158 0.0707
0.6597 0.6109 24.3342 0.0731
0.7540 0.6807 43.2401 0.0785
0.8482 0.7854 21.9008 0.0824
0.9425 0.8727 33.3192 0.0873
1.0367 0.9425 52.2251 0.0962
1.1310 1.0472 30.8857 0.1032
1.2252 1.1345 42.3042 0.1114
1.3195 1.2392 29.3883 0.1179
1.4137 1.3439 24.8958 0.1228
1.5080 1.4312 36.3142 0.1287
1.6022 1.5533 7.4875 0.1310
1.6965 1.6406 27.3291 0.1342
1.7907 1.7279 30.3243 0.1381
1.8850 1.7977 49.2300 0.1457
1.9792 1.8850 43.8016 0.1546
2.0735 1.9897 30.8859 0.1616
2.1677 2.0944 26.3932 0.1670
2.2619 2.1817 37.8117 0.1734
2.3562 2.2689 40.8067 0.1811
2.4504 2.4086 -3.9308 0.1828
2.5447 2.4958 24.3341 0.1852
2.6389 2.5831 27.3293 0.1883
2.7332 2.6529 46.2350 0.1948
2.8274 2.7227 56.7175 0.2057
2.9217 2.8274 35.3783 0.2146
3.0159 2.9496 14.9747 0.2190
3.1102 3.0369 34.8167 0.2244
3.2044 3.1590 5.9899 0.2265
3.2987 3.2463 25.8320 0.2292
3.3929 3.3161 44.7372 0.2351
3.4872 3.3859 55.2201 0.2453
3.5814 3.4907 33.8808 0.2536
3.6757 3.5954 29.3882 0.2600
3.7699 3.7001 24.8959 0.2649
3.8642 3.7874 36.3141 0.2708
3.9584 3.8746 39.3090 0.2778
4.0527 3.9968 10.4826 0.2809
4.1469 4.0841 30.3243 0.2849
4.2411 4.1713 33.3193 0.2898
4.3354 4.2586 36.3138 0.2956
4.4296 4.3459 39.3091 0.3027
4.5239 4.4331 42.3041 0.3109
4.6181 4.5379 29.3883 0.3174
4.7124 4.6426 24.8955 0.3222
4.8066 4.7647 4.4925 0.3240
4.9009 4.8520 24.3342 0.3264
4.9951 4.9044 59.1512 0.3346
5.0894 4.9916 45.2989 0.3442
5.1836 5.0789 48.2941 0.3551
5.2779 5.2011 19.4676 0.3610
5.3721 5.3058 23.3985 0.3654
5.4664 5.3931 34.8164 0.3708
5.5606 5.4803 37.8112 0.3772
5.6549 5.6200 -6.9258 0.3785
5.7491 5.6898 37.2504 0.3820
5.8434 5.7596 47.7322 0.3890
5.9376 5.8643 26.3933 0.3944
6.0319 5.9516 37.8117 0.4008
6.1261 6.0388 40.8067 0.4084
6.2204 6.1436 27.8905 0.4143
6.3146 6.2483 23.3987 0.4187
6.4088 6.3530 18.9057 0.4218
6.5031 6.4403 30.3247 0.4258
6.5973 6.5101 49.2298 0.4334
6.6916 6.5973 43.8013 0.4423
6.7858 6.6846 46.7969 0.4525
6.8801 6.8068 17.9693 0.4579
6.9743 6.9115 21.9011 0.4619
7.0686 6.9988 33.3188 0.4667
7.1628 7.0860 36.3141 0.4726
7.2571 7.1908 23.3983 0.4770
7.3513 7.2955 18.9059 0.4801
7.4456 7.3653 46.2346 0.4866
7.5398 7.4526 40.8069 0.4942
7.6341 7.5398 43.8017 0.5031
7.7283 7.6445 30.8859 0.5101
7.8226 7.7493 26.3931 0.5155
7.9168 7.8540 21.9009 0.5194
8.0111 7.9587 17.4085 0.5222
8.1053 8.0285 44.7376 0.5281
8.1996 8.1158 39.3097 0.5351
8.2938 8.2030 42.3041 0.5433
8.3881 8.3078 29.3881 0.5498
8.4823 8.4125 24.8955 0.5546
8.5765 8.4998 36.3136 0.5605
8.6708 8.5870 39.3093 0.5676
8.7650 8.6917 26.3929 0.5729
8.8593 8.8139 5.9895 0.5750
8.9535 8.9012 25.8319 0.5777
9.0478 8.9710 44.7370 0.5836
9.1420 9.0408 55.2201 0.5939
9.2363 9.1455 33.8812 0.6021
9.3305 9.2502 29.3881 0.6086
9.4248 9.3550 24.8955 0.6134
9.5190 9.4422 36.3145 0.6193
9.6133 9.5295 39.3089 0.6264
9.7075 9.6517 10.4821 0.6295
9.8018 9.7389 30.3245 0.6334
9.8960 9.8262 33.3197 0.6383
9.9903 9.9135 36.3140 0.6442
10.0845 10.0007 39.3089 0.6512
10.1788 10.0880 42.3045 0.6594
10.2730 10.1927 29.3881 0.6659
10.3673 10.2974 24.8964 0.6708
10.4615 10.4196 4.4925 0.6725
10.5558 10.5069 24.3349 0.6749
10.6500 10.5767 43.2400 0.6803
10.7442 10.6465 53.7222 0.6898
10.8385 10.7338 48.2945 0.7008
10.9327 10.8385 35.3772 0.7097
11.0270 10.9607 14.9743 0.7141
11.1212 11.0479 34.8167 0.7195
11.2155 11.1701 5.9895 0.7215
11.3097 11.2399 41.7426 0.7264
11.4040 11.3272 36.3136 0.7323
11.4982 11.4145 39.3093 0.7393
11.5925 11.5017 42.3045 0.7475
11.6867 11.5890 45.2989 0.7571
11.7810 11.7112 16.4721 0.7620
11.8752 11.8159 20.4029 0.7655
11.9695 11.9206 15.9111 0.7679
12.0637 12.0079 27.3297 0.7710
12.1580 12.0602 62.1456 0.7805
12.2522 12.1475 48.2937 0.7915
12.3465 12.2522 35.3777 0.8004
12.4407 12.3744 14.9761 0.8048
12.5350 12.4617 34.8167 0.8102
12.6292 12.5664 21.9007 0.8141
12.7235 12.6711 17.4081 0.8169
12.8177 12.7584 28.8262 0.8204
12.9119 12.8282 47.7335 0.8274
13.0062 12.9154 42.3041 0.8356
13.1004 13.0027 45.2997 0.8452
13.1947 13.1074 32.3833 0.8528
13.2889 13.2121 27.8898 0.8587
13.3832 13.3169 23.3985 0.8631
13.4774 13.4390 2.9947 0.8646
13.5717 13.5088 38.7470 0.8685
13.6659 13.5787 49.2301 0.8761
13.7602 13.6485 59.7118 0.8886
13.8544 13.7532 38.3725 0.8989
13.9487 13.8754 17.9709 0.9042
14.0429 13.9801 21.9007 0.9082
14.1372 14.0674 33.3188 0.9131
14.2314 14.1895 4.4921 0.9148
14.3257 14.2593 40.2461 0.9192
14.4199 14.3466 34.8167 0.9246
14.5142 14.4164 53.7222 0.9341
14.6084 14.5037 48.2937 0.9451
14.7027 14.6259 19.4669 0.9510
14.7969 14.7306 23.3977 0.9554
14.8911 14.8178 34.8176 0.9608
14.9854 14.9400 5.9899 0.9628
15.0796 15.0098 41.7422 0.9677
15.1739 15.0971 36.3145 0.9736
15.2681 15.1669 55.2196 0.9839
15.3624 15.2716 33.8812 0.9921
15.4566 15.3764 29.3881 0.9985
15.5509 15.4811 24.8964 1.0034
15.6451 15.5683 36.3140 1.0093
15.7394 15.6905 7.4864 1.0117
15.8336 15.7778 27.3293 1.0148
15.9279 15.8476 46.2353 1.0213
16.0221 15.9349 40.8071 1.0289
16.1164 16.0221 43.8015 1.0378
16.2106 16.1268 30.8864 1.0448
16.3049 16.2316 26.3942 1.0501
16.3991 16.3363 21.9002 1.0541
16.4934 16.4410 17.4089 1.0568
16.5876 16.5108 44.7383 1.0627
16.6819 16.5981 39.3093 1.0698
16.7761 16.6853 42.3058 1.0780
16.8704 16.7901 29.3880 1.0844
16.9646 16.8948 24.8950 1.0893
17.0588 16.9821 36.3136 1.0952
17.1531 17.0693 39.3084 1.1022
17.2473 17.2089 -5.4282 1.1037
17.3416 17.2962 22.8362 1.1058
17.4358 17.3660 41.7426 1.1106
17.5301 17.4358 52.2235 1.1195
17.6243 17.5231 46.7972 1.1298
17.7186 17.6278 33.8794 1.1380
17.8128 17.7500 13.4782 1.1419
17.9071 17.8373 33.3188 1.1468
18.0013 17.9594 4.4921 1.1486
18.0956 18.0467 24.3336 1.1510
18.1898 18.1165 43.2401 1.1563
18.2841 18.1863 53.7227 1.1659
18.3783 18.2736 48.2937 1.1769
18.4726 18.3783 35.3786 1.1857
18.5668 18.5005 14.9747 1.1901
18.6611 18.5878 34.8162 1.1955
18.7553 18.7099 5.9895 1.1976
18.8496 18.7797 41.7426 1.2024
18.9438 18.8670 36.3136 1.2083
19.0381 18.9543 39.3084 1.2154
19.1323 19.0415 42.3032 1.2236
19.2265 19.1288 45.2998 1.2331
19.3208 19.2335 32.3838 1.2408
19.4150 19.3557 11.9799 1.2443
19.5093 19.4779 -0.0001 1.2453
19.6035 19.5477 35.7513 1.2484
19.6978 19.6000 62.1465 1.2579
19.7920 19.6873 48.2937 1.2689
19.8863 19.7920 35.3786 1.2778
19.9805 19.8968 30.8846 1.2848
20.0748 20.0015 26.3933 1.2902
20.1690 20.1062 21.9011 1.2941
20.2633 20.2284 1.4973 1.2953
20.3575 20.2982 37.2504 1.2989
20.4518 20.3505 63.6430 1.3091
20.5460 20.4378 49.7911 1.3208
20.6403 20.5425 36.8777 1.3304
20.7345 20.6647 16.4712 1.3353
20.8288 20.7694 20.4037 1.3388
20.9230 20.8567 31.8214 1.3432
21.0173 20.9614 18.9063 1.3463
21.1115 21.0312 46.2357 1.3527
21.2058 21.1185 40.8067 1.3604
21.3000 21.2058 43.8015 1.3692
21.3942 21.3105 30.8864 1.3763
21.4885 21.4152 26.3924 1.3816
21.5827 21.5025 37.8128 1.3881
21.6770 21.6072 24.8968 1.3930
21.7712 21.7293 4.4912 1.3947
21.8655 21.7992 40.2435 1.3991
21.9597 21.8690 50.7271 1.4073
22.0540 21.9562 45.2980 1.4169
22.1482 22.0610 32.3830 1.4245
22.2425 22.1657 27.8907 1.4304
22.3367 22.2704 23.3968 1.4348
22.4310 22.3577 34.8172 1.4402
22.5252 22.4798 5.9895 1.4422
22.6195 22.5497 41.7426 1.4471
22.7137 22.6195 52.2253 1.4560
22.8080 22.7242 30.8846 1.4630
22.9022 22.8115 42.3050 1.4712
22.9965 22.9162 29.3890 1.4777
23.0907 23.0209 24.8950 1.4826
23.1850 23.1082 36.3136 1.4885
23.2792 23.2303 7.4869 1.4909
23.3734 23.3176 27.3284 1.4940
23.4677 23.3874 46.2349 1.5004
23.5619 23.4747 40.8058 1.5080
23.6562 23.5619 43.8006 1.5169
23.7504 23.6667 30.8856 1.5239
23.8447 23.7714 26.3951 1.5293
23.9389 23.8761 21.9002 1.5333
24.0332 23.9983 1.4973 1.5345
24.1274 24.0506 53.1603 1.5404
24.2217 24.1205 55.2201 1.5506
24.3159 24.2077 49.7911 1.5623
24.4102 24.3299 20.9643 1.5688
24.5044 24.4346 24.8959 1.5736
24.5987 24.5219 36.3136 1.5795
24.6929 24.6091 39.3084 1.5866
24.7872 24.7488 -5.4265 1.5880
24.8814 24.8360 22.8370 1.5901
24.9757 24.9058 41.7417 1.5950
25.0699 24.9757 52.2253 1.6039
25.1642 25.0629 46.7963 1.6141
25.2584 25.1676 33.8812 1.6223
25.3527 25.2724 29.3872 1.6288
25.4469 25.3771 24.8959 1.6337
25.5411 25.5167 -11.4195 1.6343
25.6354 25.5865 32.7574 1.6366
25.7296 25.6563 43.2418 1.6420
25.8239 25.7262 53.7235 1.6516
25.9181 25.8134 48.2945 1.6625
26.0124 25.9181 35.3777 1.6714
26.1066 26.0403 14.9747 1.6758
26.2009 26.1276 34.8162 1.6812
26.2951 26.2498 5.9895 1.6832
26.3894 26.3370 25.8327 1.6860
26.4836 26.4068 44.7365 1.6919
26.5779 26.4766 55.2183 1.7021
26.6721 26.5814 33.8821 1.7104
26.7664 26.6861 29.3872 1.7168
26.8606 26.7733 40.8076 1.7244
26.9549 26.8781 27.8898 1.7303
27.0491 27.0177 -8.4247 1.7313
27.1434 27.0875 35.7522 1.7344
27.2376 27.1573 46.2349 1.7409
27.3319 27.2446 40.8058 1.7485
27.4261 27.3319 43.8006 1.7574
27.5204 27.4366 30.8856 1.7644
27.6146 27.5413 26.3951 1.7698
27.7088 27.6460 21.9002 1.7737
27.8031 27.7507 17.4089 1.7765
27.8973 27.8380 28.8266 1.7800
27.9916 27.9078 47.7313 1.7870
28.0858 27.9951 42.3032 1.7952
28.1801 28.0823 45.2998 1.8048
28.2743 28.1871 32.3820 1.8124
28.3686 28.2918 27.8907 1.8183
28.4628 28.3965 23.3968 1.8227
28.5571 28.5187 2.9974 1.8242
28.6513 28.5885 38.7469 1.8281
28.7456 28.6583 49.2305 1.8357
28.8398 28.7456 43.8015 1.8446
28.9341 28.8328 46.7963 1.8549
29.0283 28.9376 33.8812 1.8631
29.1226 29.0597 13.4773 1.8671
29.2168 29.1470 33.3188 1.8719
29.3111 29.2692 4.4921 1.8737
29.4053 29.3564 24.3336 1.8761
29.4996 29.4263 43.2401 1.8814
29.5938 29.4961 53.7244 1.8910
29.6881 29.5833 48.2945 1.9020
29.7823 29.6881 35.3777 1.9108
29.8765 29.8102 14.9747 1.9152
29.9708 29.9149 18.9063 1.9184
30.0650 30.0197 14.4124 1.9204
30.1593 30.0895 41.7426 1.9253
30.2535 30.1593 52.2253 1.9342
30.3478 30.2466 46.7963 1.9444
30.4420 30.3513 33.8794 1.9527
30.5363 30.4560 29.3899 1.9591
30.6305 30.5607 24.8968 1.9640
30.7248 30.6480 36.3145 1.9699
30.8190 30.7702 7.4877 1.9723
30.9133 30.8574 27.3292 1.9754
31.0075 30.9272 46.2357 1.9818
31.1018 31.0145 40.8067 1.9894
31.1960 31.1018 43.8015 1.9983
31.2903 31.2065 30.8846 2.0053
31.3845 31.3112 26.3916 2.0107
31.4788 31.4159 21.9021 2.0147
31.5730 31.5381 1.4973 2.0159
31.6673 31.6079 37.2504 2.0194
31.7615 31.6603 63.6430 2.0297
31.8557 31.7475 49.7911 2.0414
31.9500 31.8697 20.9643 2.0478
32.0442 31.9744 24.8959 2.0527
32.1385 32.0617 36.3136 2.0586
32.2327 32.1490 39.3084 2.0656
32.3270 32.2886 -5.4299 2.0671
32.4212 32.3759 22.8389 2.0691
32.5155 32.4457 41.7417 2.0740
32.6097 32.5329 36.3171 2.0799
32.7040 32.6027 55.2200 2.0902
32.7982 32.7075 33.8820 2.0984
32.8925 32.8122 29.3863 2.1048
32.9867 32.9169 24.8959 2.1097
33.0810 33.0391 4.4904 2.1115
33.1752 33.1264 24.3363 2.1139
33.2695 33.1962 43.2391 2.1192
33.3637 33.2660 53.7244 2.1288
33.4580 33.3532 48.2945 2.1397
33.5522 33.4580 35.3794 2.1486
33.6465 33.5627 30.8837 2.1556
33.7407 33.6674 26.3968 2.1610
33.8350 33.8070 -9.9240 2.1618
33.9292 33.8943 18.3432 2.1630
34.0234 33.9467 53.1613 2.1689
34.1177 34.0165 55.2183 2.1792
34.2119 34.1037 49.7903 2.1909
34.3062 34.2085 36.8752 2.2004
34.4004 34.3306 16.4731 2.2053
34.4947 34.4353 20.4037 2.2088
34.5889 34.5401 15.9115 2.2112
34.6832 34.6099 43.2391 2.2166
34.7774 34.6971 37.8110 2.2230
34.8717 34.7670 56.7157 2.2340
34.9659 34.8717 35.3778 2.2429
35.0602 34.9764 30.8856 2.2499
35.1544 35.0811 26.3933 2.2553
35.2487 35.1858 21.8977 2.2592
35.3429 35.3080 1.5009 2.2604
35.4372 35.3778 37.2495 2.2640
35.5314 35.4302 63.6447 2.2742
35.6257 35.5175 49.7884 2.2859
35.7199 35.6222 36.8786 2.2955
35.8142 35.7443 16.4712 2.3003
35.9084 35.8491 20.4037 2.3039
36.0027 35.9363 31.8180 2.3083
36.0969 36.0410 18.9082 2.3114
36.1911 36.1283 30.3206 2.3153
36.2854 36.1981 49.2306 2.3229
36.3796 36.2854 43.8006 2.3318
36.4739 36.3727 46.7989 2.3421
36.5681 36.4948 17.9686 2.3474
36.6624 36.5996 21.9011 2.3514
36.7566 36.6868 33.3188 2.3563
36.8509 36.8090 4.4938 2.3580
36.9451 36.8788 40.2443 2.3624
37.0394 36.9486 50.7261 2.3707
37.1336 37.0359 45.2980 2.3802
37.2279 37.1406 32.3830 2.3878
37.3221 37.2453 27.8907 2.3937
37.4164 37.3500 23.4020 2.3981
37.5106 37.4373 34.8144 2.4035
37.6049 37.5420 21.9011 2.4074
37.6991 37.6293 63.6431 2.4123
37.6991 37.7340 -65.5167 2.4135
37.6991 37.8038 -78.6187 2.4245
37.6991 37.8038 -44.9253 2.4355
37.6991 37.7340 18.7177 2.4367
37.6991 37.6817 32.7575 2.4370
37.6991 37.6642 23.3969 2.4382
37.6991 37.6642 14.9740 2.4394
37.6991 37.6991 -16.8458 2.4394
37.6991 37.7166 -15.9134 2.4397
37.6991 37.6991 8.4247 2.4397
37.6991 37.6991 0.0000 2.4397
37.6991 37.6991 0.0000 2.4397
37.6991 37.6991 0.0000 2.4397
37.6991 37.6991 0.0000 2.4397
37.6991 37.6991 0.0000 2.4397
37.6991 37.6991 0.0000 2.4397
37.6991 37.6991 0.0000 2.4397
37.6991 37.6991 0.0000 2.4397
37.6991 37.6991 0.0000 2.4397
37.6991 37.6991 0.0000 2.4397
37.6991 37.6991 0.0000 2.4397
37.6991 37.6991 0.0000 2.4397
37.6991 37.6991 0.0000 2.4397
37.6991 37.6991 0.0000 2.4397
37.6991 37.6991 0.0000 2.4397
37.6991 37.6991 0.0000 2.4397
37.6991 37.6991 0.0000 2.4397
37.6991 37.6991 0.0000 2.4397
37.6991 37.6991 0.0000 2.4397
37.6991 37.6991 0.0000 2.4397
37.6991 37.6991 0.0000 2.4397
37.6991 37.6991 0.0000 2.4397
37.6991 37.6991 0.0000 2.4397
37.6991 37.6991 0.0000 2.4397
37.6991 37.6991 0.0000 2.4397
37.6991 37.6991 0.0000 2.4397
37.6991 37.6991 0.0000 2.4397
37.6991 37.6991 0.0000 2.4397
37.6991 37.6991 0.0000 2.4397
37.6991 37.6991 0.0000 2.4397
37.6991 37.6991 0.0000 2.4397
37.6991 37.6991 0.0000 2.4397
37.6991 37.6991 0.0000 2.4397
37.6991 37.6991 0.0000 2.4397
37.6991 37.6991 0.0000 2.4397
37.6991 37.6991 0.0000 2.4397
37.6991 37.6991 0.0000 2.4397
37.6991 37.6991 0.0000 2.4397
37.6991 37.6991 0.0000 2.4397
37.6991 37.6991 0.0000 2.4397
37.6991 37.6991 0.0000 2.4397
37.6991 37.6991 0.0000 2.4397
37.6991 37.6991 0.0000 2.4397
37.6991 37.6991 0.0000 2.4397
37.6991 37.6991 0.0000 2.4397
37.6991 37.6991 0.0000 2.4397
37.6991 37.6991 0.0000 2.4397
37.6991 37.6991 0.0000 2.4397
37.6991 37.6991 0.0000 2.4397
37.6991 37.6991 0.0000 2.4397
37.6991 37.6991 0.0000 2.4397
37.6991 37.6991 0.0000 2.4397
37.6991 37.6991 0.0000 2.4397
37.6991 37.6991 0.0000 2.4397
37.6991 37.6991 0.0000 2.4397
37.6991 37.6991 0.0000 2.4397
37.6991 37.6991 0.0000 2.4397
37.6991 37.6991 0.0000 2.4397
37.6991 37.6991 0.0000 2.4397
37.6991 37.6991 0.0000 2.4397
37.6991 37.6991 0.0000 2.4397
37.6991 37.6991 0.0000 2.4397
37.6991 37.6991 0.0000 2.4397
37.6991 37.6991 0.0000 2.4397
37.6991 37.6991 0.0000 2.4397
37.6991 37.6991 0.0000 2.4397
37.6991 37.6991 0.0000 2.4397
37.6991 37.6991 0.0000 2.4397
37.6991 37.6991 0.0000 2.4397
37.6991 37.6991 0.0000 2.4397
37.6991 37.6991 0.0000 2.4397
37.6991 37.6991 0.0000 2.4397
37.6991 37.6991 0.0000 2.4397
37.6991 37.6991 0.0000 2.4397
37.6991 37.6991 0.0000 2.4397
37.6991 37.6991 0.0000 2.4397
37.6991 37.6991 0.0000 2.4397
37.6991 37.6991 0.0000 2.4397
37.6991 37.6991 0.0000 2.4397
37.6991 37.6991 0.0000 2.4397
37.6991 37.6991 0.0000 2.4397
37.6991 37.6991 0.0000 2.4397
37.6991 37.6991 0.0000 2.4397
37.6991 37.6991 0.0000 2.4397
37.6991 37.6991 0.0000 2.4397
37.6991 37.6991 0.0000 2.4397
37.6991 37.6991 0.0000 2.4397
37.6991 37.6991 0.0000 2.4397
37.6991 37.6991 0.0000 2.4397
