0.0000 0.0000 0.0000 0.0000
0.0942 0.0000 100.0000 0.0089
0.1885 0.0349 100.0000 0.0325
0.2827 0.1571 73.0450 0.0483
0.3770 0.3316 -100.0000 0.0503
0.4712 0.4538 -100.0000 0.0506
0.5655 0.4887 67.9063 0.0565
0.6597 0.4712 100.0000 0.0921
0.7540 0.5585 100.0000 0.1303
0.8482 0.6981 38.7898 0.1528
0.9425 0.8901 -100.0000 0.1555
1.0367 1.0123 -100.0000 0.1561
1.1310 1.0123 100.0000 0.1702
1.2252 1.0123 100.0000 0.2156
1.3195 1.0821 100.0000 0.2719
1.4137 1.2392 4.5348 0.3024
1.5080 1.3963 -100.0000 0.3148
1.6022 1.5359 -100.0000 0.3192
1.6965 1.5010 100.0000 0.3575
1.7907 1.4661 100.0000 0.4628
1.8850 1.5010 100.0000 0.6103
1.9792 1.6406 99.4377 0.7249
2.0735 1.8151 -11.1891 0.7916
2.1677 2.0071 -100.0000 0.8174
2.2619 2.1118 -76.9757 0.8400
2.3562 2.0944 100.0000 0.9085
2.4504 2.0769 100.0000 1.0480
2.5447 2.1468 100.0000 1.2063
2.6389 2.3038 56.1982 1.3186
2.7332 2.4784 -55.5527 1.3836
2.8274 2.6354 -100.0000 1.4204
2.9217 2.6878 76.3299 1.4751
3.0159 2.7053 100.0000 1.5716
3.1102 2.8449 75.8532 1.6420
3.2044 3.0020 -10.6271 1.6830
3.2987 3.1590 -100.0000 1.7025
3.3929 3.2463 -35.9821 1.7240
3.4872 3.2463 100.0000 1.7820
3.5814 3.2463 100.0000 1.8943
3.6757 3.3510 100.0000 1.9997
3.7699 3.5256 -15.1196 2.0594
3.8642 3.7874 -100.0000 2.0653
3.9584 3.8921 -100.0000 2.0697
4.0527 3.8921 100.0000 2.0955
4.1469 3.8746 100.0000 2.1696
4.2411 3.9444 100.0000 2.2576
4.3354 4.0841 71.3599 2.3208
4.4296 4.2586 -67.3453 2.3501
4.5239 4.4157 -100.0000 2.3618
4.6181 4.4855 1.6409 2.3794
4.7124 4.4506 100.0000 2.4479
4.8066 4.4680 100.0000 2.5626
4.9009 4.5728 100.0000 2.6702
4.9951 4.7473 -13.9977 2.7316
5.0894 4.9218 -100.0000 2.7597
5.1836 5.0265 -74.7295 2.7844
5.2779 5.0265 100.0000 2.8476
5.3721 5.0440 100.0000 2.9552
5.4664 5.1836 81.4669 3.0352
5.5606 5.3582 -47.1302 3.0761
5.6549 5.5152 -100.0000 3.0956
5.7491 5.5851 11.7501 3.1226
5.8434 5.5851 100.0000 3.1893
5.9376 5.6200 100.0000 3.2902
6.0319 5.7421 100.0000 3.3741
6.1261 5.9341 -74.0830 3.4110
6.2204 6.1436 -100.0000 3.4169
6.3146 6.1785 87.0012 3.4354
6.4088 6.1785 100.0000 3.4885
6.5031 6.2657 100.0000 3.5448
6.5973 6.4228 4.5360 3.5753
6.6916 6.5799 -100.0000 3.5878
6.7858 6.6846 -92.6982 3.5980
6.8801 6.6846 100.0000 3.6362
6.9743 6.6846 100.0000 3.7202
7.0686 6.7719 100.0000 3.8082
7.1628 6.9464 -24.1047 3.8550
7.2571 7.1209 -100.0000 3.8736
7.3513 7.2082 -37.1041 3.8941
7.4456 7.2257 100.0000 3.9424
7.5398 7.2606 100.0000 4.0204
7.6341 7.3653 100.0000 4.0926
7.7283 7.5398 -33.0883 4.1282
7.8226 7.7842 -100.0000 4.1296
7.9168 7.8889 -100.0000 4.1304
8.0111 7.8889 100.0000 4.1454
8.1053 7.8714 100.0000 4.2001
8.1996 7.9412 100.0000 4.2668
8.2938 8.0809 59.0045 4.3121
8.3881 8.2554 -92.0525 4.3297
8.4823 8.3950 -100.0000 4.3373
8.5765 8.4299 90.3692 4.3588
8.6708 8.4125 100.0000 4.4255
8.7650 8.4648 100.0000 4.5157
8.8593 8.6045 72.4855 4.5806
8.9535 8.7790 -65.0992 4.6111
9.0478 8.9361 -100.0000 4.6235
9.1420 8.9884 50.4963 4.6471
9.2363 9.0059 100.0000 4.7002
9.3305 9.1106 100.0000 4.7486
9.4248 9.2677 -1.0835 4.7732
9.5190 9.4422 -100.0000 4.7791
9.6133 9.5295 -56.1995 4.7861
9.7075 9.5470 100.0000 4.8119
9.8018 9.5644 100.0000 4.8683
9.8960 9.6691 100.0000 4.9198
9.9903 9.8262 1.1679 4.9467
10.0845 10.0531 -100.0000 4.9477
10.1788 10.1404 -70.8000 4.9491
10.2730 10.1578 100.0000 4.9624
10.3673 10.1753 100.0000 4.9993
10.4615 10.2625 100.0000 5.0388
10.5558 10.4371 -55.5494 5.0529
10.6500 10.5941 -100.0000 5.0560
10.7442 10.6814 -62.9381 5.0600
10.8385 10.6814 100.0000 5.0847
10.9327 10.6814 100.0000 5.1478
11.0270 10.7512 100.0000 5.2239
11.1212 10.9083 16.8889 5.2692
11.2155 11.0828 -100.0000 5.2868
11.3097 11.2050 -100.0000 5.2978
11.4040 11.2050 100.0000 5.3374
11.4982 11.2050 100.0000 5.4233
11.5925 11.3272 100.0000 5.4937
11.6867 11.4843 13.5220 5.5347
11.7810 11.6763 -100.0000 5.5457
11.8752 11.7810 -94.9471 5.5546
11.9695 11.8159 97.6682 5.5781
12.0637 11.8159 100.0000 5.6396
12.1580 11.9031 100.0000 5.7045
12.2522 12.0602 10.1503 5.7414
12.3465 12.3046 -100.0000 5.7431
12.4407 12.4267 -100.0000 5.7433
12.5350 12.4267 100.0000 5.7550
12.6292 12.4267 100.0000 5.7960
12.7235 12.4966 100.0000 5.8475
12.8177 12.6362 48.8952 5.8804
12.9119 12.8107 -100.0000 5.8907
13.0062 12.9678 -100.0000 5.8922
13.1004 12.9678 100.0000 5.9098
13.1947 12.9503 100.0000 5.9695
13.2889 13.0202 100.0000 6.0417
13.3832 13.1598 62.3748 6.0916
13.4774 13.3343 -85.3130 6.1121
13.5717 13.4914 -100.0000 6.1185
13.6659 13.5438 40.3882 6.1335
13.7602 13.5612 100.0000 6.1731
13.8544 13.6136 100.0000 6.2311
13.9487 13.7532 53.3898 6.2693
14.0429 13.9277 -100.0000 6.2825
14.1372 14.0674 -100.0000 6.2874
14.2314 14.0848 100.0000 6.3089
14.3257 14.1023 100.0000 6.3588
14.4199 14.1895 100.0000 6.4119
14.5142 14.3990 -100.0000 6.4252
14.6084 14.5560 -100.0000 6.4279
14.7027 14.6259 -16.3291 6.4338
14.7969 14.6084 100.0000 6.4693
14.8911 14.6433 100.0000 6.5308
14.9854 14.7480 100.0000 6.5871
15.0796 14.9051 4.5324 6.6176
15.1739 15.0971 -100.0000 6.6235
15.2681 15.2367 -100.0000 6.6244
15.3624 15.2367 100.0000 6.6402
15.4566 15.2193 100.0000 6.6966
15.5509 15.2891 100.0000 6.7651
15.6451 15.4287 60.1290 6.8120
15.7394 15.6032 -89.8124 6.8305
15.8336 15.7429 -100.0000 6.8387
15.9279 15.7952 43.7576 6.8563
16.0221 15.7778 100.0000 6.9160
16.1164 15.8127 100.0000 7.0083
16.2106 15.9349 100.0000 7.0843
16.3049 16.1094 -30.8457 7.1225
16.3991 16.3014 -100.0000 7.1321
16.4934 16.4235 -100.0000 7.1369
16.5876 16.4410 100.0000 7.1584
16.6819 16.4585 100.0000 7.2083
16.7761 16.5632 100.0000 7.2537
16.8704 16.7377 -51.0566 7.2713
16.9646 16.9122 -100.0000 7.2740
17.0588 16.9995 -64.0617 7.2775
17.1531 17.0344 100.0000 7.2916
17.2473 17.0519 100.0000 7.3298
17.3416 17.1566 100.0000 7.3641
17.4358 17.3835 -100.0000 7.3668
17.5301 17.5580 -100.0000 7.3676
17.6243 17.6104 5.5761 7.3678
17.7186 17.6278 100.0000 7.3760
17.8128 17.6627 100.0000 7.3985
17.9071 17.7675 100.0000 7.4180
18.0013 17.9420 -74.6478 7.4216
18.0956 18.1340 -100.0000 7.4230
18.1898 18.2387 -100.0000 7.4254
18.2841 18.2038 100.0000 7.4319
18.3783 18.1689 100.0000 7.4757
18.4726 18.2212 100.0000 7.5389
18.5668 18.3609 56.7570 7.5813
18.6611 18.5179 -48.8167 7.6018
18.7553 18.6576 -100.0000 7.6113
18.8496 18.7448 -49.4608 7.6223
18.9438 18.7274 100.0000 7.6692
19.0381 18.7274 100.0000 7.7657
19.1323 18.8146 100.0000 7.8666
19.2265 18.9717 30.3664 7.9315
19.3208 19.1463 -100.0000 7.9620
19.4150 19.2684 -100.0000 7.9835
19.5093 19.2859 100.0000 8.0334
19.6035 19.2510 100.0000 8.1577
19.6978 19.3208 100.0000 8.2998
19.7920 19.4430 100.0000 8.4216
19.8863 19.6350 -54.9901 8.4848
19.9805 19.8269 -100.0000 8.5084
20.0748 19.9317 -79.2257 8.5289
20.1690 19.9491 100.0000 8.5772
20.2633 19.9666 100.0000 8.6653
20.3575 20.0887 100.0000 8.7375
20.4518 20.2633 -33.0918 8.7730
20.5460 20.4553 -100.0000 8.7813
20.6403 20.5600 -99.4366 8.7877
20.7345 20.5949 88.6868 8.8072
20.8288 20.6123 100.0000 8.8541
20.9230 20.6996 100.0000 8.9040
21.0173 20.9090 -100.0000 8.9157
21.1115 21.0836 -100.0000 8.9165
21.2058 21.1359 23.5467 8.9213
21.3000 21.1534 100.0000 8.9428
21.3942 21.1883 100.0000 8.9852
21.4885 21.3279 42.1566 9.0110
21.5827 21.4676 -30.2823 9.0243
21.6770 21.6072 -100.0000 9.0292
21.7712 21.6770 -10.7208 9.0380
21.8655 21.6595 100.0000 9.0805
21.9597 21.6944 100.0000 9.1508
22.0540 21.7817 100.0000 9.2250
22.1482 21.9562 -31.9694 9.2618
22.2425 22.1308 -100.0000 9.2743
22.3367 22.2355 -92.6984 9.2846
22.4310 22.2704 100.0000 9.3103
22.5252 22.2704 100.0000 9.3753
22.6195 22.3577 100.0000 9.4438
22.7137 22.5147 12.3964 9.4834
22.8080 22.6893 -100.0000 9.4975
22.9022 22.7940 -90.4470 9.5092
22.9965 22.8289 100.0000 9.5373
23.0907 22.8464 100.0000 9.5970
23.1850 22.9511 100.0000 9.6517
23.2792 23.1605 -100.0000 9.6657
23.3734 23.3351 -100.0000 9.6672
23.4677 23.3874 26.9107 9.6737
23.5619 23.3874 100.0000 9.7041
23.6562 23.4398 100.0000 9.7510
23.7504 23.5619 93.2601 9.7865
23.8447 23.7190 -17.9242 9.8023
23.9389 23.9285 -100.0000 9.8024
24.0332 24.0157 -77.5338 9.8027
24.1274 24.0332 100.0000 9.8116
24.2217 24.0332 100.0000 9.8471
24.3159 24.1379 100.0000 9.8788
24.4102 24.2950 -14.5587 9.8921
24.5044 24.4695 -100.0000 9.8933
24.5987 24.5742 -100.0000 9.8939
24.6929 24.5742 100.0000 9.9080
24.7872 24.5219 100.0000 9.9784
24.8814 24.5742 100.0000 10.0727
24.9757 24.6964 100.0000 10.1507
25.0699 24.8884 -77.4524 10.1836
25.1642 25.0629 -100.0000 10.1939
25.2584 25.1502 -48.3378 10.2056
25.3527 25.1851 100.0000 10.2337
25.4469 25.2200 100.0000 10.2851
25.5411 25.3247 100.0000 10.3320
25.6354 25.4993 -49.9388 10.3505
25.7296 25.6738 -100.0000 10.3536
25.8239 25.7785 -100.0000 10.3557
25.9181 25.7785 100.0000 10.3752
26.0124 25.7611 100.0000 10.4384
26.1066 25.8832 100.0000 10.4883
26.2009 26.0403 0.0376 10.5141
26.2951 26.2148 -100.0000 10.5205
26.3894 26.3196 -100.0000 10.5254
26.4836 26.3196 100.0000 10.5523
26.5779 26.3021 100.0000 10.6283
26.6721 26.3894 100.0000 10.7083
26.7664 26.5290 66.8644 10.7646
26.8606 26.7733 -100.0000 10.7722
26.9549 26.9130 -100.0000 10.7740
27.0491 26.9653 28.0337 10.7810
27.1434 26.9653 100.0000 10.8127
27.2376 27.0177 100.0000 10.8611
27.3319 27.1224 100.0000 10.9049
27.4261 27.3144 -99.9152 10.9174
27.5204 27.5238 -100.0000 10.9174
27.6146 27.6111 -82.0266 10.9174
27.7088 27.6111 100.0000 10.9270
27.8031 27.5937 100.0000 10.9708
27.8973 27.6809 100.0000 11.0177
27.9916 27.8205 45.5258 11.0469
28.0858 27.9951 -100.0000 11.0552
28.1801 28.1347 -100.0000 11.0572
28.2743 28.1347 100.0000 11.0767
28.3686 28.1173 100.0000 11.1399
28.4628 28.1871 100.0000 11.2159
28.5571 28.3267 64.6235 11.2690
28.6513 28.5012 -80.8179 11.2915
28.7456 28.6583 -100.0000 11.2992
28.8398 28.7107 42.6346 11.3158
28.9341 28.7281 100.0000 11.3582
29.0283 28.7979 100.0000 11.4113
29.1226 28.9376 50.0233 11.4456
29.2168 29.1121 -100.0000 11.4565
29.3111 29.2168 -94.9497 11.4654
29.4053 29.2692 49.9357 11.4839
29.4996 29.2692 100.0000 11.5370
29.5938 29.3215 100.0000 11.6111
29.6881 29.5135 -79.6938 11.6416
29.7823 29.6706 -100.0000 11.6541
29.8765 29.7579 -44.9680 11.6682
29.9708 29.7579 100.0000 11.7135
30.0650 29.7928 100.0000 11.7876
30.1593 29.8975 100.0000 11.8562
30.2535 30.0546 12.3964 11.8958
30.3478 30.2815 -100.0000 11.9002
30.4420 30.3862 -100.0000 11.9033
30.5363 30.4036 100.0000 11.9209
30.6305 30.4036 100.0000 11.9724
30.7248 30.4734 100.0000 12.0355
30.8190 30.6305 9.0278 12.0711
30.9133 30.8051 -100.0000 12.0828
31.0075 30.9098 -93.8260 12.0923
31.1018 30.9272 100.0000 12.1228
31.1960 30.9272 100.0000 12.1950
31.2903 31.0145 100.0000 12.2711
31.3845 31.1716 16.8840 12.3164
31.4788 31.3287 -86.4488 12.3389
31.5730 31.4683 -100.0000 12.3499
31.6673 31.5206 48.2499 12.3714
31.7615 31.5206 100.0000 12.4294
31.8557 31.5730 100.0000 12.5094
31.9500 31.6952 100.0000 12.5743
32.0442 31.8872 -85.3143 12.5990
32.1385 32.0617 -100.0000 12.6049
32.2327 32.1490 -56.1998 12.6119
32.3270 32.1839 100.0000 12.6324
32.4212 32.2188 100.0000 12.6733
32.5155 32.3933 -54.4264 12.6883
32.6097 32.5329 -100.0000 12.6942
32.7040 32.6027 -8.4689 12.7044
32.7982 32.6202 100.0000 12.7361
32.8925 32.6726 100.0000 12.7845
32.9867 32.7773 100.0000 12.8283
33.0810 32.9518 -52.1895 12.8450
33.1752 33.1787 -100.0000 12.8450
33.2695 33.2660 -82.0312 12.8450
33.3637 33.2660 100.0000 12.8546
33.4580 33.2660 100.0000 12.8915
33.5522 33.3532 100.0000 12.9310
33.6465 33.4929 39.9112 12.9546
33.7407 33.6674 -100.0000 12.9600
33.8350 33.7896 -100.0000 12.9621
33.9292 33.8070 100.0000 12.9770
34.0234 33.7721 100.0000 13.0402
34.1177 33.8245 100.0000 13.1261
34.2119 33.9467 100.0000 13.1965
34.3062 34.1386 -81.9504 13.2246
34.4004 34.3132 -100.0000 13.2322
34.4947 34.4179 -100.0000 13.2381
34.5889 34.3830 100.0000 13.2805
34.6832 34.3481 100.0000 13.3928
34.7774 34.4004 100.0000 13.5349
34.8717 34.5226 100.0000 13.6568
34.9659 34.6971 -7.2558 13.7290
35.0602 34.8717 -100.0000 13.7645
35.1544 35.0113 -100.0000 13.7850
35.2487 35.0288 100.0000 13.8334
35.3429 35.0113 100.0000 13.9433
35.4372 35.0986 100.0000 14.0580
35.5314 35.2557 37.1047 14.1340
35.6257 35.4127 -46.0067 14.1794
35.7199 35.5698 -100.0000 14.2019
35.8142 35.6396 15.1060 14.2324
35.9084 35.6745 100.0000 14.2871
36.0027 35.7618 100.0000 14.3451
36.0969 35.9189 5.6673 14.3768
36.1911 36.0760 -100.0000 14.3900
36.2854 36.1807 -91.5759 14.4010
36.3796 36.2156 100.0000 14.4279
36.4739 36.2330 100.0000 14.4859
36.5681 36.3203 100.0000 14.5474
36.6624 36.4774 7.9042 14.5816
36.7566 36.7217 -100.0000 14.5828
36.8509 36.8439 -100.0000 14.5828
36.9451 36.8788 64.5375 14.5872
37.0394 36.8614 100.0000 14.6189
37.1336 36.8963 100.0000 14.6753
37.2279 37.0010 100.0000 14.7268
37.3221 37.1755 -46.5742 14.7483
37.4164 37.3675 -100.0000 14.7506
37.5106 37.5071 -100.0000 14.7507
37.6049 37.5071 100.0000 14.7602
37.6991 37.5071 100.0000 14.7971
37.6991 37.5944 -76.8979 14.8080
37.6991 37.6817 -100.0000 14.8083
37.6991 37.6991 -100.0000 14.8083
37.6991 37.6293 90.9292 14.8132
37.6991 37.4897 100.0000 14.8571
37.6991 37.4722 100.0000 14.9086
37.6991 37.5420 -17.9272 14.9332
37.6991 37.6468 -100.0000 14.9360
37.6991 37.6817 -100.0000 14.9363
37.6991 37.6293 48.8148 14.9411
37.6991 37.5595 100.0000 14.9606
37.6991 37.5420 100.0000 14.9853
37.6991 37.6293 -88.1192 14.9902
37.6991 37.7340 -100.0000 14.9914
37.6991 37.7689 -100.0000 14.9963
37.6991 37.6991 68.4670 14.9963
37.6991 37.6293 100.0000 15.0012
37.6991 37.6118 100.0000 15.0088
37.6991 37.6991 -100.0000 15.0088
37.6991 37.8213 -100.0000 15.0237
37.6991 37.8387 -100.0000 15.0432
37.6991 37.7340 100.0000 15.0444
37.6991 37.6468 100.0000 15.0472
37.6991 37.6293 100.0000 15.0520
37.6991 37.6817 -20.7373 15.0523
37.6991 37.7689 -100.0000 15.0572
37.6991 37.8038 -100.0000 15.0682
37.6991 37.7340 57.2352 15.0694
37.6991 37.6293 100.0000 15.0743
37.6991 37.5944 100.0000 15.0852
37.6991 37.6293 38.2334 15.0901
37.6991 37.7340 -100.0000 15.0913
37.6991 37.7864 -100.0000 15.0989
37.6991 37.7515 -32.6089 15.1017
37.6991 37.6293 100.0000 15.1066
37.6991 37.5595 100.0000 15.1261
37.6991 37.5944 49.4547 15.1370
37.6991 37.6642 -100.0000 15.1382
37.6991 37.6991 -100.0000 15.1382
37.6991 37.6642 -4.5406 15.1395
37.6991 37.5769 100.0000 15.1544
37.6991 37.5246 100.0000 15.1848
37.6991 37.5944 -34.7834 15.1958
37.6991 37.6991 -100.0000 15.1958
37.6991 37.7515 -100.0000 15.1985
37.6991 37.6991 26.3525 15.1985
37.6991 37.6293 100.0000 15.2034
37.6991 37.5944 100.0000 15.2144
37.6991 37.6468 -9.4963 15.2171
37.6991 37.7864 -100.0000 15.2247
37.6991 37.8387 -100.0000 15.2442
37.6991 37.8038 -49.4559 15.2552
37.6991 37.7340 100.0000 15.2564
37.6991 37.6642 100.0000 15.2576
37.6991 37.6991 15.7711 15.2576
37.6991 37.7689 -100.0000 15.2625
37.6991 37.7864 -100.0000 15.2701
37.6991 37.6991 100.0000 15.2701
37.6991 37.5944 100.0000 15.2811
37.6991 37.5769 100.0000 15.2960
37.6991 37.5944 91.5691 15.3070
37.6991 37.6817 -100.0000 15.3073
37.6991 37.7689 -100.0000 15.3122
37.6991 37.7515 -74.7326 15.3149
37.6991 37.6293 100.0000 15.3198
37.6991 37.5595 100.0000 15.3393
37.6991 37.5595 100.0000 15.3588
37.6991 37.5769 97.1948 15.3737
37.6991 37.6642 -100.0000 15.3749
37.6991 37.7340 -100.0000 15.3761
37.6991 37.7166 -63.5020 15.3764
37.6991 37.6293 100.0000 15.3813
37.6991 37.5769 100.0000 15.3962
37.6991 37.5944 91.5691 15.4072
37.6991 37.6468 -17.9272 15.4100
37.6991 37.7166 -100.0000 15.4103
37.6991 37.7515 -100.0000 15.4130
37.6991 37.6817 74.0822 15.4133
37.6991 37.5944 100.0000 15.4243
37.6991 37.5944 100.0000 15.4352
37.6991 37.6817 -100.0000 15.4355
37.6991 37.7864 -100.0000 15.4432
37.6991 37.7864 -100.0000 15.4508
37.6991 37.7166 62.8505 15.4511
37.6991 37.6118 100.0000 15.4587
37.6991 37.5769 100.0000 15.4736
37.6991 37.5944 91.5691 15.4846
37.6991 37.6642 -65.6673 15.4858
37.6991 37.7515 -100.0000 15.4885
37.6991 37.7689 -100.0000 15.4934
37.6991 37.6817 100.0000 15.4937
37.6991 37.5944 100.0000 15.5047
37.6991 37.5595 100.0000 15.5242
37.6991 37.5420 100.0000 15.5489
37.6991 37.6118 -40.3895 15.5565
37.6991 37.6817 -100.0000 15.5568
37.6991 37.6991 -100.0000 15.5568
37.6991 37.6293 90.9292 15.5617
37.6991 37.5420 100.0000 15.5863
