0.0000 0.0000 0.0000 0.0000
0.0942 0.0000 33.6936 0.0089
0.1885 0.0175 61.1476 0.0381
0.2827 0.0524 82.3621 0.0912
0.3770 0.1396 84.8579 0.1476
0.4712 0.2793 68.6351 0.1844
0.5655 0.4538 39.9331 0.1969
0.6597 0.6109 17.4707 0.1993
0.7540 0.7679 -4.9917 0.1995
0.8482 0.9076 -21.2145 0.2030
0.9425 0.9774 -12.4791 0.2042
1.0367 1.0123 8.7354 0.2048
1.1310 1.0297 36.1894 0.2151
1.2252 1.0647 57.4039 0.2408
1.3195 1.1170 72.3788 0.2818
1.4137 1.2217 68.6350 0.3187
1.5080 1.3439 58.6518 0.3456
1.6022 1.5359 23.7103 0.3500
1.6965 1.6755 7.4874 0.3504
1.7907 1.7802 3.7437 0.3506
1.8850 1.8850 0.0000 0.3506
1.9792 1.9373 14.9749 0.3523
2.0735 1.9897 29.9499 0.3593
2.1677 2.0420 44.9247 0.3751
2.2619 2.0944 59.8997 0.4032
2.3562 2.1991 56.1559 0.4279
2.4504 2.3387 39.9331 0.4403
2.5447 2.4609 29.9498 0.4474
2.6389 2.5831 19.9666 0.4505
2.7332 2.6704 22.4623 0.4544
2.8274 2.7576 24.9582 0.4593
2.9217 2.8449 27.4541 0.4652
3.0159 2.9322 29.9498 0.4722
3.1102 3.0020 38.6853 0.4839
3.2044 3.1067 34.9415 0.4935
3.2987 3.2114 31.1978 0.5011
3.3929 3.2987 33.6935 0.5100
3.4872 3.3859 36.1894 0.5202
3.5814 3.4907 32.4457 0.5285
3.6757 3.5779 34.9415 0.5380
3.7699 3.6826 31.1977 0.5456
3.8642 3.7699 33.6936 0.5545
3.9584 3.8746 29.9497 0.5615
4.0527 3.9968 19.9666 0.5647
4.1469 4.0841 22.4624 0.5686
4.2411 4.1539 31.1976 0.5762
4.3354 4.2412 33.6934 0.5851
4.4296 4.3110 42.4290 0.5992
4.5239 4.3982 44.9246 0.6150
4.6181 4.5029 41.1809 0.6282
4.7124 4.6077 37.4373 0.6392
4.8066 4.7647 14.9749 0.6410
4.9009 4.8695 11.2312 0.6420
4.9951 4.9567 13.7270 0.6434
5.0894 5.0091 28.7019 0.6499
5.1836 5.0789 37.4373 0.6608
5.2779 5.1487 46.1728 0.6775
5.3721 5.2360 48.6685 0.6961
5.4664 5.3233 51.1641 0.7165
5.5606 5.4454 41.1809 0.7298
5.6549 5.6025 18.7185 0.7325
5.7491 5.7247 8.7354 0.7331
5.8434 5.8119 11.2312 0.7341
5.9376 5.8818 19.9664 0.7372
6.0319 5.9516 28.7019 0.7437
6.1261 6.0039 43.6770 0.7586
6.2204 6.0737 52.4121 0.7801
6.3146 6.1785 48.6686 0.7986
6.4088 6.3181 32.4456 0.8069
6.5031 6.4228 28.7021 0.8133
6.5973 6.5275 24.9582 0.8182
6.6916 6.6323 21.2142 0.8217
6.7858 6.7195 23.7102 0.8261
6.8801 6.7893 32.4456 0.8344
6.9743 6.8766 34.9413 0.8439
7.0686 6.9639 37.4373 0.8549
7.1628 7.0511 39.9331 0.8674
7.2571 7.1733 29.9499 0.8744
7.3513 7.2780 26.2061 0.8797
7.4456 7.3653 28.7017 0.8862
7.5398 7.4526 31.1978 0.8938
7.6341 7.5398 33.6936 0.9027
7.7283 7.6445 29.9499 0.9097
7.8226 7.7318 32.4458 0.9179
7.9168 7.8191 34.9413 0.9275
8.0111 7.9412 24.9582 0.9324
8.1053 8.0285 27.4541 0.9383
8.1996 8.1158 29.9501 0.9453
8.2938 8.1856 38.6853 0.9570
8.3881 8.2729 41.1809 0.9703
8.4823 8.3776 37.4371 0.9812
8.5765 8.4823 33.6933 0.9901
8.6708 8.5870 29.9497 0.9971
8.7650 8.6743 32.4454 1.0054
8.8593 8.8139 16.2225 1.0074
8.9535 8.9012 18.7185 1.0102
9.0478 8.9710 27.4537 1.0161
9.1420 9.0408 36.1893 1.0263
9.2363 9.1106 44.9248 1.0421
9.3305 9.2153 41.1809 1.0554
9.4248 9.3026 43.6770 1.0703
9.5190 9.4073 39.9331 1.0828
9.6133 9.5644 17.4707 1.0852
9.7075 9.6691 13.7269 1.0866
9.8018 9.7564 16.2225 1.0887
9.8960 9.8262 24.9584 1.0936
9.9903 9.8786 39.9331 1.1061
10.0845 9.9658 42.4288 1.1201
10.1788 10.0531 44.9248 1.1359
10.2730 10.1404 47.4205 1.1535
10.3673 10.2451 43.6770 1.1684
10.4615 10.4022 21.2146 1.1720
10.5558 10.5243 11.2312 1.1730
10.6500 10.6116 13.7272 1.1744
10.7442 10.6814 22.4624 1.1784
10.8385 10.7512 31.1979 1.1860
10.9327 10.8210 39.9331 1.1985
11.0270 10.8909 48.6683 1.2170
11.1212 10.9956 44.9248 1.2328
11.2155 11.1352 28.7016 1.2392
11.3097 11.2399 24.9581 1.2441
11.4040 11.3446 21.2142 1.2476
11.4982 11.4319 23.7102 1.2520
11.5925 11.5017 32.4458 1.2603
11.6867 11.5890 34.9414 1.2698
11.7810 11.6763 37.4371 1.2808
11.8752 11.7635 39.9328 1.2933
11.9695 11.8857 29.9501 1.3003
12.0637 11.9904 26.2062 1.3057
12.1580 12.0777 28.7019 1.3121
12.2522 12.1649 31.1976 1.3197
12.3465 12.2522 33.6933 1.3286
12.4407 12.3569 29.9501 1.3356
12.5350 12.4442 32.4458 1.3439
12.6292 12.5315 34.9414 1.3534
12.7235 12.6536 24.9581 1.3583
12.8177 12.7409 27.4537 1.3642
12.9119 12.8282 29.9501 1.3712
13.0062 12.9154 32.4458 1.3794
13.1004 13.0027 34.9418 1.3890
13.1947 13.0900 37.4374 1.4000
13.2889 13.1772 39.9328 1.4124
13.3832 13.2820 36.1889 1.4227
13.4774 13.4041 26.2059 1.4281
13.5717 13.5088 22.4621 1.4320
13.6659 13.6136 18.7182 1.4347
13.7602 13.6834 27.4537 1.4406
13.8544 13.7532 36.1889 1.4509
13.9487 13.8405 38.6853 1.4626
14.0429 13.9277 41.1809 1.4759
14.1372 14.0324 37.4371 1.4868
14.2314 14.1546 27.4537 1.4927
14.3257 14.2593 23.7106 1.4971
14.4199 14.3641 19.9667 1.5002
14.5142 14.4339 28.7019 1.5067
14.6084 14.5211 31.1976 1.5143
14.7027 14.5910 39.9331 1.5268
14.7969 14.6782 42.4288 1.5409
14.8911 14.7655 44.9248 1.5567
14.9854 14.9051 28.7019 1.5631
15.0796 15.0273 18.7185 1.5659
15.1739 15.1146 21.2142 1.5694
15.2681 15.2018 23.7102 1.5738
15.3624 15.2716 32.4458 1.5820
15.4566 15.3589 34.9418 1.5916
15.5509 15.4287 43.6770 1.6065
15.6451 15.5334 39.9331 1.6190
15.7394 15.6556 29.9494 1.6260
15.8336 15.7603 26.2059 1.6314
15.9279 15.8650 22.4624 1.6353
16.0221 15.9523 24.9584 1.6402
16.1164 16.0221 33.6936 1.6491
16.2106 16.1094 36.1893 1.6593
16.3049 16.1967 38.6856 1.6710
16.3991 16.2839 41.1813 1.6843
16.4934 16.4235 24.9581 1.6892
16.5876 16.5283 21.2146 1.6927
16.6819 16.6155 23.7102 1.6971
16.7761 16.7028 26.2066 1.7025
16.8704 16.7726 34.9421 1.7120
16.9646 16.8599 37.4371 1.7230
17.0588 16.9471 39.9328 1.7355
17.1531 17.0344 42.4284 1.7495
17.2473 17.1740 26.2059 1.7549
17.3416 17.2788 22.4624 1.7589
17.4358 17.3660 24.9581 1.7637
17.5301 17.4533 27.4537 1.7696
17.6243 17.5406 29.9494 1.7766
17.7186 17.6278 32.4451 1.7849
17.8128 17.6976 41.1806 1.7982
17.9071 17.7849 43.6770 1.8131
18.0013 17.9245 27.4537 1.8190
18.0956 18.0293 23.7095 1.8234
18.1898 18.1340 19.9667 1.8265
18.2841 18.2038 28.7016 1.8329
18.3783 18.2910 31.1979 1.8406
18.4726 18.3609 39.9328 1.8530
18.5668 18.4481 42.4284 1.8671
18.6611 18.5529 38.6849 1.8788
18.7553 18.6925 22.4624 1.8828
18.8496 18.7797 24.9581 1.8876
18.9438 18.8845 21.2146 1.8912
19.0381 18.9543 29.9494 1.8982
19.1323 19.0415 32.4451 1.9064
19.2265 19.1288 34.9414 1.9160
19.3208 19.1986 43.6770 1.9309
19.4150 19.3033 39.9328 1.9434
19.5093 19.4430 23.7102 1.9478
19.6035 19.5477 19.9660 1.9509
19.6978 19.6350 22.4624 1.9548
19.7920 19.7048 31.1979 1.9625
19.8863 19.7920 33.6936 1.9713
19.9805 19.8618 42.4291 1.9854
20.0748 19.9491 44.9248 2.0012
20.1690 20.0538 41.1813 2.0145
20.2633 20.2109 18.7189 2.0172
20.3575 20.3156 14.9747 2.0190
20.4518 20.4029 17.4704 2.0214
20.5460 20.4727 26.2059 2.0267
20.6403 20.5425 34.9421 2.0363
20.7345 20.6123 43.6770 2.0512
20.8288 20.6996 46.1726 2.0679
20.9230 20.7869 48.6683 2.0864
21.0173 20.9440 26.2059 2.0918
21.1115 21.0487 22.4624 2.0958
21.2058 21.1534 18.7189 2.0985
21.3000 21.2407 21.2146 2.1020
21.3942 21.3279 23.7102 2.1064
21.4885 21.3977 32.4458 2.1147
21.5827 21.4676 41.1813 2.1279
21.6770 21.5374 49.9168 2.1474
21.7712 21.6770 33.6929 2.1563
21.8655 21.7817 29.9494 2.1633
21.9597 21.8864 26.2052 2.1687
22.0540 21.9911 22.4624 2.1726
22.1482 22.0610 31.1972 2.1803
22.2425 22.1482 33.6936 2.1891
22.3367 22.2355 36.1893 2.1994
22.4310 22.3228 38.6849 2.2111
22.5252 22.4624 22.4624 2.2150
22.6195 22.5497 24.9581 2.2199
22.7137 22.6369 27.4537 2.2258
22.8080 22.7242 29.9494 2.2328
22.9022 22.8115 32.4458 2.2411
22.9965 22.8813 41.1813 2.2543
23.0907 22.9860 37.4371 2.2653
23.1850 23.0733 39.9328 2.2778
23.2792 23.2129 23.7102 2.2822
23.3734 23.3176 19.9660 2.2853
23.4677 23.4049 22.4617 2.2893
23.5619 23.4921 24.9574 2.2941
23.6562 23.5619 33.6929 2.3030
23.7504 23.6318 42.4284 2.3171
23.8447 23.7190 44.9248 2.3329
23.9389 23.8063 47.4205 2.3505
24.0332 23.9634 24.9581 2.3554
24.1274 24.0681 21.2146 2.3589
24.2217 24.1728 17.4704 2.3613
24.3159 24.2601 19.9660 2.3644
24.4102 24.3299 28.7016 2.3708
24.5044 24.3997 37.4371 2.3818
24.5987 24.4695 46.1726 2.3985
24.6929 24.5568 48.6683 2.4170
24.7872 24.7139 26.2066 2.4224
24.8814 24.8186 22.4624 2.4263
24.9757 24.9233 18.7189 2.4291
25.0699 24.9931 27.4544 2.4350
25.1642 25.0804 29.9501 2.4420
25.2584 25.1502 38.6849 2.4537
25.3527 25.2375 41.1813 2.4670
25.4469 25.3422 37.4371 2.4779
25.5411 25.4644 27.4537 2.4838
25.6354 25.5691 23.7102 2.4882
25.7296 25.6563 26.2066 2.4936
25.8239 25.7436 28.7023 2.5000
25.9181 25.8309 31.1979 2.5077
26.0124 25.9007 39.9335 2.5201
26.1066 26.0054 36.1899 2.5304
26.2009 26.0927 38.6856 2.5421
26.2951 26.2323 22.4624 2.5460
26.3894 26.3196 24.9581 2.5509
26.4836 26.4068 27.4537 2.5568
26.5779 26.4941 29.9487 2.5638
26.6721 26.5814 32.4458 2.5721
26.7664 26.6686 34.9414 2.5816
26.8606 26.7559 37.4371 2.5926
26.9549 26.8432 39.9328 2.6051
27.0491 26.9828 23.7102 2.6095
27.1434 27.0701 26.2059 2.6148
27.2376 27.1573 28.7016 2.6213
27.3319 27.2446 31.1972 2.6289
27.4261 27.3319 33.6929 2.6378
27.5204 27.4191 36.1886 2.6480
27.6146 27.5064 38.6843 2.6597
27.7088 27.6111 34.9414 2.6693
27.8031 27.7507 18.7189 2.6720
27.8973 27.8380 21.2146 2.6756
27.9916 27.9253 23.7102 2.6799
28.0858 27.9951 32.4451 2.6882
28.1801 28.0649 41.1806 2.7015
28.2743 28.1522 43.6763 2.7164
28.3686 28.2569 39.9328 2.7289
28.4628 28.3616 36.1886 2.7391
28.5571 28.5012 19.9667 2.7422
28.6513 28.6059 16.2232 2.7443
28.7456 28.6932 18.7189 2.7470
28.8398 28.7630 27.4537 2.7529
28.9341 28.8328 36.1893 2.7632
29.0283 28.9027 44.9248 2.7790
29.1226 28.9899 47.4205 2.7966
29.2168 29.0946 43.6770 2.8115
29.3111 29.2343 27.4537 2.8174
29.4053 29.3564 17.4704 2.8198
29.4996 29.4437 19.9660 2.8229
29.5938 29.5310 22.4624 2.8268
29.6881 29.6008 31.1979 2.8344
29.7823 29.6881 33.6936 2.8433
29.8765 29.7579 42.4291 2.8574
29.9708 29.8451 44.9248 2.8732
30.0650 29.9848 28.7016 2.8797
30.1593 30.0895 24.9581 2.8845
30.2535 30.1942 21.2146 2.8881
30.3478 30.2815 23.7102 2.8924
30.4420 30.3513 32.4451 2.9007
30.5363 30.4385 34.9421 2.9102
30.6305 30.5084 43.6776 2.9252
30.7248 30.6131 39.9335 2.9376
30.8190 30.7527 23.7102 2.9420
30.9133 30.8400 26.2066 2.9474
31.0075 30.9272 28.7023 2.9539
31.1018 31.0145 31.1979 2.9615
31.1960 31.1018 33.6936 2.9704
31.2903 31.1890 36.1893 2.9806
31.3845 31.2763 38.6843 2.9923
31.4788 31.3810 34.9408 3.0019
31.5730 31.5206 18.7182 3.0046
31.6673 31.6079 21.2146 3.0081
31.7615 31.6952 23.7102 3.0125
31.8557 31.7650 32.4451 3.0208
31.9500 31.8523 34.9408 3.0303
32.0442 31.9221 43.6770 3.0452
32.1385 32.0093 46.1726 3.0619
32.2327 32.1141 42.4291 3.0760
32.3270 32.2711 19.9654 3.0791
32.4212 32.3759 16.2232 3.0812
32.5155 32.4631 18.7189 3.0839
32.6097 32.5504 21.2146 3.0875
32.7040 32.6202 29.9494 3.0945
32.7982 32.6900 38.6856 3.1062
32.8925 32.7598 47.4205 3.1238
32.9867 32.8471 49.9161 3.1433
33.0810 32.9867 33.6929 3.1522
33.1752 33.1089 23.7102 3.1566
33.2695 33.2136 19.9654 3.1597
33.3637 33.3009 22.4624 3.1636
33.4580 33.3881 24.9581 3.1685
33.5522 33.4580 33.6943 3.1774
33.6465 33.5452 36.1899 3.1876
33.7407 33.6325 38.6856 3.1993
33.8350 33.7547 28.7016 3.2058
33.9292 33.8419 31.1972 3.2134
34.0234 33.9292 33.6929 3.2223
34.1177 34.0339 29.9494 3.2293
34.2119 34.1212 32.4451 3.2375
34.3062 34.2085 34.9408 3.2471
34.4004 34.3132 31.1986 3.2547
34.4947 34.4004 33.6929 3.2636
34.5889 34.5226 23.7102 3.2680
34.6832 34.6099 26.2059 3.2734
34.7774 34.6971 28.7016 3.2798
34.8717 34.7670 37.4364 3.2908
34.9659 34.8717 33.6929 3.2996
35.0602 34.9589 36.1886 3.3099
35.1544 35.0462 38.6856 3.3216
35.2487 35.1509 34.9408 3.3312
35.3429 35.2906 18.7189 3.3339
35.4372 35.3778 21.2146 3.3374
35.5314 35.4651 23.7102 3.3418
35.6257 35.5349 32.4451 3.3501
35.7199 35.6047 41.1813 3.3633
35.8142 35.6920 43.6770 3.3782
35.9084 35.7967 39.9335 3.3907
36.0027 35.9014 36.1886 3.4010
36.0969 36.0410 19.9667 3.4041
36.1911 36.1458 16.2219 3.4062
36.2854 36.2330 18.7189 3.4089
36.3796 36.3028 27.4537 3.4148
36.4739 36.3727 36.1899 3.4250
36.5681 36.4425 44.9248 3.4408
36.6624 36.5297 47.4205 3.4584
36.7566 36.6345 43.6770 3.4733
36.8509 36.7741 27.4537 3.4792
36.9451 36.8963 17.4697 3.4816
37.0394 36.9835 19.9667 3.4848
37.1336 37.0708 22.4610 3.4887
37.2279 37.1406 31.1972 3.4963
37.3221 37.2104 39.9335 3.5088
37.4164 37.2977 42.4291 3.5229
37.5106 37.3850 44.9248 3.5387
37.6049 37.5246 28.7029 3.5451
37.6991 37.6293 24.9581 3.5500
37.6991 37.7340 -12.4797 3.5512
37.6991 37.8213 -43.6770 3.5661
37.6991 37.8562 -56.1567 3.5908
37.6991 37.8387 -49.9175 3.6103
37.6991 37.7689 -24.9581 3.6152
37.6991 37.6991 0.0000 3.6152
37.6991 37.6118 31.1972 3.6228
37.6991 37.5769 43.6770 3.6377
37.6991 37.5944 37.4364 3.6487
37.6991 37.6293 24.9581 3.6536
37.6991 37.6991 0.0000 3.6536
37.6991 37.7340 -12.4797 3.6548
37.6991 37.7689 -24.9581 3.6597
37.6991 37.7689 -24.9581 3.6645
37.6991 37.7340 -12.4797 3.6657
37.6991 37.7166 -6.2405 3.6661
37.6991 37.6817 6.2392 3.6664
37.6991 37.6642 12.4784 3.6676
37.6991 37.6642 12.4784 3.6688
37.6991 37.6642 12.4784 3.6700
37.6991 37.6817 6.2392 3.6703
37.6991 37.6991 0.0000 3.6703
37.6991 37.7166 -6.2405 3.6706
37.6991 37.7166 -6.2405 3.6709
37.6991 37.7166 -6.2405 3.6712
37.6991 37.7166 -6.2405 3.6715
37.6991 37.7166 -6.2405 3.6718
37.6991 37.7166 -6.2405 3.6721
37.6991 37.6991 0.0000 3.6721
37.6991 37.6991 0.0000 3.6721
37.6991 37.6991 0.0000 3.6721
37.6991 37.6991 0.0000 3.6721
37.6991 37.6991 0.0000 3.6721
37.6991 37.6991 0.0000 3.6721
37.6991 37.6991 0.0000 3.6721
37.6991 37.6991 0.0000 3.6721
37.6991 37.6991 0.0000 3.6721
37.6991 37.6991 0.0000 3.6721
37.6991 37.6991 0.0000 3.6721
37.6991 37.6991 0.0000 3.6721
37.6991 37.6991 0.0000 3.6721
37.6991 37.6991 0.0000 3.6721
37.6991 37.6991 0.0000 3.6721
37.6991 37.6991 0.0000 3.6721
37.6991 37.6991 0.0000 3.6721
37.6991 37.6991 0.0000 3.6721
37.6991 37.6991 0.0000 3.6721
37.6991 37.6991 0.0000 3.6721
37.6991 37.6991 0.0000 3.6721
37.6991 37.6991 0.0000 3.6721
37.6991 37.6991 0.0000 3.6721
37.6991 37.6991 0.0000 3.6721
37.6991 37.6991 0.0000 3.6721
37.6991 37.6991 0.0000 3.6721
37.6991 37.6991 0.0000 3.6721
37.6991 37.6991 0.0000 3.6721
37.6991 37.6991 0.0000 3.6721
37.6991 37.6991 0.0000 3.6721
37.6991 37.6991 0.0000 3.6721
37.6991 37.6991 0.0000 3.6721
37.6991 37.6991 0.0000 3.6721
37.6991 37.6991 0.0000 3.6721
37.6991 37.6991 0.0000 3.6721
37.6991 37.6991 0.0000 3.6721
37.6991 37.6991 0.0000 3.6721
37.6991 37.6991 0.0000 3.6721
37.6991 37.6991 0.0000 3.6721
37.6991 37.6991 0.0000 3.6721
37.6991 37.6991 0.0000 3.6721
37.6991 37.6991 0.0000 3.6721
37.6991 37.6991 0.0000 3.6721
37.6991 37.6991 0.0000 3.6721
37.6991 37.6991 0.0000 3.6721
37.6991 37.6991 0.0000 3.6721
37.6991 37.6991 0.0000 3.6721
37.6991 37.6991 0.0000 3.6721
37.6991 37.6991 0.0000 3.6721
37.6991 37.6991 0.0000 3.6721
37.6991 37.6991 0.0000 3.6721
37.6991 37.6991 0.0000 3.6721
37.6991 37.6991 0.0000 3.6721
37.6991 37.6991 0.0000 3.6721
37.6991 37.6991 0.0000 3.6721
37.6991 37.6991 0.0000 3.6721
37.6991 37.6991 0.0000 3.6721
37.6991 37.6991 0.0000 3.6721
37.6991 37.6991 0.0000 3.6721
37.6991 37.6991 0.0000 3.6721
37.6991 37.6991 0.0000 3.6721
37.6991 37.6991 0.0000 3.6721
37.6991 37.6991 0.0000 3.6721
37.6991 37.6991 0.0000 3.6721
37.6991 37.6991 0.0000 3.6721
37.6991 37.6991 0.0000 3.6721
37.6991 37.6991 0.0000 3.6721
37.6991 37.6991 0.0000 3.6721
37.6991 37.6991 0.0000 3.6721
37.6991 37.6991 0.0000 3.6721
37.6991 37.6991 0.0000 3.6721
