0.0000 0.0000 0.0000 0.0000
0.0942 0.0000 85.9186 0.0089
0.1885 0.0349 99.9202 0.0325
0.2827 0.1396 70.5194 0.0530
0.3770 0.2967 26.4806 0.0594
0.4712 0.4363 20.0290 0.0606
0.5655 0.5585 18.4691 0.0607
0.6597 0.6632 22.7994 0.0607
0.7540 0.7505 34.0180 0.0607
0.8482 0.8727 5.3909 0.0613
0.9425 0.9425 39.7460 0.0613
1.0367 1.0123 50.2285 0.0619
1.1310 1.0996 46.1975 0.0629
1.2252 1.1868 50.9896 0.0643
1.3195 1.3090 24.3592 0.0645
1.4137 1.4137 28.8891 0.0645
1.5080 1.5184 24.3966 0.0646
1.6022 1.6406 3.3943 0.0660
1.6965 1.7104 36.9505 0.0662
1.7907 1.7802 46.6343 0.0663
1.8850 1.8675 41.8051 0.0667
1.9792 1.9548 45.7981 0.0672
2.0735 2.0595 34.2802 0.0674
2.1677 2.1642 30.5860 0.0675
2.2619 2.2689 26.2935 0.0675
2.3562 2.3736 21.4015 0.0678
2.4504 2.4784 15.9109 0.0686
2.5447 2.5656 25.7317 0.0690
2.6389 2.6180 59.3506 0.0695
2.7332 2.7053 46.6968 0.0702
2.8274 2.8100 35.3781 0.0705
2.9217 2.9147 31.8839 0.0706
3.0159 3.0194 27.7909 0.0706
3.1102 3.1067 39.0096 0.0706
3.2044 3.2463 -5.5282 0.0724
3.2987 3.3336 20.3410 0.0736
3.3929 3.4034 37.2497 0.0737
3.4872 3.4732 47.1335 0.0739
3.5814 3.5605 42.5035 0.0743
3.6757 3.6652 30.7859 0.0744
3.7699 3.7525 42.8032 0.0748
3.8642 3.8572 30.8858 0.0748
3.9584 3.9619 26.7925 0.0748
4.0527 4.0841 6.1895 0.0758
4.1469 4.1713 24.2348 0.0764
4.2411 4.2237 57.6530 0.0767
4.3354 4.3110 44.7999 0.0773
4.4296 4.4157 33.2818 0.0775
4.5239 4.5204 29.5876 0.0775
4.6181 4.6077 41.2059 0.0776
4.7124 4.7124 28.8891 0.0776
4.8066 4.8520 -7.4253 0.0797
4.9009 4.9218 34.1551 0.0801
4.9951 4.9916 43.4395 0.0801
5.0894 5.0789 38.2108 0.0802
5.1836 5.1662 41.8048 0.0805
5.2779 5.2709 29.8874 0.0806
5.3721 5.3756 25.7943 0.0806
5.4664 5.4629 37.0126 0.0806
5.5606 5.5501 40.2075 0.0807
5.6549 5.6898 -3.9308 0.0819
5.7491 5.7770 22.3372 0.0827
5.8434 5.8469 39.6458 0.0827
5.9376 5.9341 34.0182 0.0827
6.0319 6.0039 53.1235 0.0835
6.1261 6.1087 33.3813 0.0838
6.2204 6.2134 29.8874 0.0839
6.3146 6.3181 25.7939 0.0839
6.4088 6.4403 5.1917 0.0849
6.5031 6.5101 39.1466 0.0849
6.5973 6.5799 49.2299 0.0852
6.6916 6.6672 44.7999 0.0858
6.7858 6.7719 33.2813 0.0860
6.8801 6.8766 29.5873 0.0860
6.9743 6.9813 25.2952 0.0861
7.0686 7.0686 36.3136 0.0861
7.1628 7.1558 39.3092 0.0861
7.2571 7.2780 10.8814 0.0866
7.3513 7.3827 13.6145 0.0876
7.4456 7.4526 39.1467 0.0876
7.5398 7.5224 49.2298 0.0879
7.6341 7.6096 44.8002 0.0885
7.7283 7.6969 49.1922 0.0895
7.8226 7.8191 22.1625 0.0895
7.9168 7.9238 26.2933 0.0896
8.0111 8.0460 5.4908 0.0908
8.1053 8.1332 23.3363 0.0916
8.1996 8.2030 40.6441 0.0916
8.2938 8.2729 50.9267 0.0920
8.3881 8.3601 46.6970 0.0928
8.4823 8.4648 35.3770 0.0931
8.5765 8.5696 31.8840 0.0931
8.6708 8.6743 27.7902 0.0932
8.7650 8.7616 39.0095 0.0932
8.8593 8.9012 -5.5288 0.0949
8.9535 8.9710 36.2509 0.0952
9.0478 9.0583 29.8248 0.0953
9.1420 9.1455 32.2210 0.0953
9.2363 9.2153 50.9265 0.0958
9.3305 9.3201 30.7860 0.0959
9.4248 9.4073 42.8027 0.0962
9.5190 9.5120 30.8851 0.0962
9.6133 9.6168 26.7926 0.0963
9.7075 9.7389 6.1891 0.0972
9.8018 9.8262 24.2345 0.0978
9.8960 9.8786 57.6528 0.0981
9.9903 9.9658 44.7992 0.0987
10.0845 10.0705 33.2817 0.0989
10.1788 10.1753 29.5873 0.0990
10.2730 10.2625 41.2051 0.0991
10.3673 10.3673 28.8890 0.0991
10.4615 10.5069 -7.4248 0.1011
10.5558 10.5941 18.2440 0.1026
10.6500 10.6465 50.8641 0.1026
10.7442 10.7163 53.1235 0.1034
10.8385 10.8210 33.3819 0.1037
10.9327 10.9083 45.7971 0.1043
11.0270 11.0130 34.2801 0.1045
11.1212 11.1352 14.6740 0.1047
11.2155 11.2574 1.8966 0.1064
11.3097 11.3272 35.2524 0.1067
11.4040 11.3970 44.7380 0.1068
11.4982 11.4668 55.6187 0.1078
11.5925 11.5715 36.0763 0.1082
11.6867 11.6763 32.7817 0.1083
11.7810 11.7810 28.8881 0.1083
11.8752 11.8682 40.3079 0.1084
11.9695 12.0079 -4.0312 0.1098
12.0637 12.0951 22.0374 0.1108
12.1580 12.1649 39.1460 0.1109
12.2522 12.2348 49.2297 0.1112
12.3465 12.3220 44.7999 0.1118
12.4407 12.4267 33.2811 0.1120
12.5350 12.5315 29.5872 0.1120
12.6292 12.6362 25.2942 0.1120
12.7235 12.7584 4.4915 0.1133
12.8177 12.8456 22.3380 0.1140
12.9119 12.9154 39.6454 0.1140
13.0062 12.9852 49.9288 0.1145
13.1004 13.0551 61.6086 0.1165
13.1947 13.1598 42.8650 0.1178
13.2889 13.2820 24.4574 0.1178
13.3832 13.4041 12.8779 0.1183
13.4774 13.5263 -0.3006 0.1206
13.5717 13.5961 32.6572 0.1212
13.6659 13.6485 57.6520 0.1215
13.7602 13.7357 44.7984 0.1221
13.8544 13.8230 49.1925 0.1231
13.9487 13.9277 38.0726 0.1236
14.0429 14.0499 18.8672 0.1236
14.1372 14.1546 22.3986 0.1239
14.2314 14.2768 0.9977 0.1260
14.3257 14.3466 34.1547 0.1264
14.4199 14.3990 59.3493 0.1269
14.5142 14.4862 46.6962 0.1276
14.6084 14.5910 35.3771 0.1279
14.7027 14.6957 31.8828 0.1280
14.7969 14.8004 27.7904 0.1280
14.8911 14.8877 39.0084 0.1280
14.9854 15.0098 10.3814 0.1286
15.0796 15.0971 28.8260 0.1289
15.1739 15.1844 30.8221 0.1290
15.2681 15.2542 49.1304 0.1292
15.3624 15.3414 44.4996 0.1297
15.4566 15.4462 32.7817 0.1298
15.5509 15.5509 28.8881 0.1298
15.6451 15.6382 40.3062 0.1298
15.7394 15.7778 -4.0320 0.1313
15.8336 15.8650 22.0374 0.1323
15.9279 15.9349 39.1455 0.1323
16.0221 16.0047 49.2301 0.1326
16.1164 16.0919 44.7991 0.1332
16.2106 16.1967 33.2816 0.1334
16.3049 16.3014 29.5882 0.1334
16.3991 16.4061 25.2940 0.1335
16.4934 16.5108 20.4034 0.1338
16.5876 16.5981 30.8228 0.1339
16.6819 16.6853 33.2204 0.1339
16.7761 16.7726 36.0147 0.1339
16.8704 16.8599 39.2093 0.1340
16.9646 16.9471 42.8014 0.1343
17.0588 17.0519 30.8838 0.1344
17.1531 17.1566 26.7934 0.1344
17.2473 17.2788 6.1890 0.1354
17.3416 17.3660 24.2335 0.1360
17.4358 17.4184 57.6522 0.1363
17.5301 17.5057 44.7986 0.1369
17.6243 17.6104 33.2810 0.1371
17.7186 17.7151 29.5875 0.1371
17.8128 17.8024 41.2048 0.1372
17.9071 17.9071 28.8887 0.1372
18.0013 18.0467 -7.4268 0.1393
18.0956 18.1165 34.1544 0.1397
18.1898 18.1863 43.4390 0.1397
18.2841 18.2736 38.2097 0.1398
18.3783 18.3609 41.8034 0.1401
18.4726 18.4656 29.8866 0.1402
18.5668 18.5703 25.7920 0.1402
18.6611 18.6576 37.0126 0.1402
18.7553 18.7797 8.3846 0.1408
18.8496 18.8670 26.8284 0.1411
18.9438 18.9543 28.8248 0.1412
19.0381 19.0241 47.1322 0.1414
19.1323 19.0939 58.4134 0.1429
19.2265 19.1986 39.2708 0.1437
19.3208 19.3208 20.4643 0.1437
19.4150 19.4255 24.3942 0.1438
19.5093 19.5477 3.3922 0.1452
19.6035 19.6175 36.9507 0.1454
19.6978 19.6873 46.6320 0.1455
19.7920 19.7571 57.7145 0.1468
19.8863 19.8618 38.3723 0.1474
19.9805 19.9666 35.2760 0.1476
20.0748 20.0887 15.6734 0.1478
20.1690 20.1760 34.7154 0.1478
20.2633 20.2982 5.4894 0.1490
20.3575 20.3854 23.3342 0.1498
20.4518 20.4553 40.6433 0.1498
20.5460 20.5251 50.9246 0.1502
20.6403 20.6123 46.6962 0.1510
20.7345 20.7171 35.3775 0.1513
20.8288 20.8218 31.8819 0.1514
20.9230 20.9265 27.7899 0.1514
21.0173 21.0487 7.1864 0.1524
21.1115 21.1359 25.2327 0.1530
21.2058 21.2058 42.7389 0.1530
21.3000 21.2756 53.2224 0.1536
21.3942 21.3803 33.2812 0.1538
21.4885 21.4676 45.4976 0.1542
21.5827 21.5723 33.7806 0.1543
21.6770 21.6944 13.9758 0.1546
21.7712 21.8166 0.9958 0.1567
21.8655 21.8864 34.1524 0.1571
21.9597 21.9388 59.3494 0.1576
22.0540 22.0261 46.6963 0.1583
22.1482 22.1308 35.3758 0.1586
22.2425 22.2355 31.8828 0.1587
22.3367 22.3402 27.7882 0.1587
22.4310 22.4275 39.0070 0.1587
22.5252 22.5671 -5.5300 0.1605
22.6195 22.6544 20.3383 0.1617
22.7137 22.7242 37.2480 0.1618
22.8080 22.7940 47.1333 0.1620
22.9022 22.8638 58.4120 0.1635
22.9965 22.9685 39.2703 0.1643
23.0907 23.0907 20.4638 0.1643
23.1850 23.1954 24.3937 0.1644
23.2792 23.3176 3.3917 0.1658
23.3734 23.3874 36.9484 0.1660
23.4677 23.4572 46.6323 0.1661
23.5619 23.5270 57.7122 0.1674
23.6562 23.6318 38.3707 0.1680
23.7504 23.7365 35.2778 0.1681
23.8447 23.8587 15.6718 0.1683
23.9389 23.9459 34.7147 0.1684
24.0332 24.0681 5.4886 0.1696
24.1274 24.1554 23.3335 0.1704
24.2217 24.2252 40.6426 0.1704
24.3159 24.2950 50.9238 0.1708
24.4102 24.3823 46.6937 0.1716
24.5044 24.4870 35.3758 0.1719
24.5987 24.5917 31.8801 0.1720
24.6929 24.6964 27.7898 0.1720
24.7872 24.8186 7.1854 0.1730
24.8814 24.9058 25.2299 0.1736
24.9757 24.9757 42.7386 0.1736
25.0699 25.0629 37.3096 0.1736
25.1642 25.1327 56.6154 0.1746
25.2584 25.2375 37.0735 0.1750
25.3527 25.3422 33.7775 0.1752
25.4469 25.4644 13.9736 0.1755
25.5411 25.5865 0.9952 0.1775
25.6354 25.6563 34.1543 0.1780
25.7296 25.7087 59.3480 0.1784
25.8239 25.7960 46.6942 0.1792
25.9181 25.9007 35.3764 0.1795
26.0124 26.0054 31.8826 0.1795
26.1066 26.1101 27.7881 0.1795
26.2009 26.1974 39.0070 0.1796
26.2951 26.3370 -5.5300 0.1813
26.3894 26.4243 20.3385 0.1825
26.4836 26.4941 37.2465 0.1826
26.5779 26.5639 47.1293 0.1828
26.6721 26.6512 42.5032 0.1833
26.7664 26.7384 46.6942 0.1841
26.8606 26.8432 35.3747 0.1844
26.9549 26.9653 15.9700 0.1845
27.0491 27.0875 3.3909 0.1859
27.1434 27.1573 36.9476 0.1861
27.2376 27.2271 46.6298 0.1862
27.3319 27.3144 41.8023 0.1865
27.4261 27.4017 45.7945 0.1871
27.5204 27.5064 34.2752 0.1873
27.6146 27.6111 30.5842 0.1874
27.7088 27.7158 26.2907 0.1874
27.8031 27.8380 5.4876 0.1886
27.8973 27.9253 23.3324 0.1894
27.9916 27.9776 56.5514 0.1896
28.0858 28.0649 43.4981 0.1900
28.1801 28.1522 47.6909 0.1908
28.2743 28.2569 36.3730 0.1911
28.3686 28.3791 16.9674 0.1912
28.4628 28.4838 20.2982 0.1917
28.5571 28.5885 14.6105 0.1927
28.6513 28.6583 40.1420 0.1927
28.7456 28.7281 50.2253 0.1930
28.8398 28.8154 45.7947 0.1936
28.9341 28.9201 34.2755 0.1938
29.0283 29.0248 30.5828 0.1938
29.1226 29.1295 26.2885 0.1939
29.2168 29.2343 21.3978 0.1942
29.3111 29.3390 15.9055 0.1949
29.4053 29.4088 41.6383 0.1950
29.4996 29.4786 51.9229 0.1954
29.5938 29.5659 47.6910 0.1962
29.6881 29.6706 36.3733 0.1965
29.7823 29.7928 16.9678 0.1966
29.8765 29.8800 36.2104 0.1966
29.9708 29.9848 23.0939 0.1968
30.0650 30.0895 17.8039 0.1974
30.1593 30.1767 27.8239 0.1977
30.2535 30.2466 45.7319 0.1977
30.3478 30.3338 40.7022 0.1979
30.4420 30.4211 44.4957 0.1984
30.5363 30.5258 32.7802 0.1985
30.6305 30.6305 28.8862 0.1985
30.7248 30.7178 40.3040 0.1985
30.8190 30.8574 -4.0350 0.2000
30.9133 30.9621 6.1241 0.2024
31.0075 31.0320 30.6565 0.2030
31.1018 31.0843 55.6522 0.2033
31.1960 31.1716 42.8003 0.2039
31.2903 31.2588 47.1919 0.2049
31.3845 31.3636 36.0703 0.2053
31.4788 31.4683 32.7795 0.2054
31.5730 31.6079 -2.9362 0.2067
31.6673 31.7126 7.4199 0.2087
31.7615 31.7650 48.0644 0.2087
31.8557 31.8348 49.9243 0.2092
31.9500 31.9221 45.6933 0.2099
32.0442 32.0268 34.3754 0.2102
32.1385 32.1315 30.8815 0.2103
32.2327 32.2362 26.7886 0.2103
32.3270 32.3584 6.1833 0.2113
32.4212 32.4457 24.2321 0.2119
32.5155 32.4980 57.6473 0.2122
32.6097 32.5853 44.7981 0.2128
32.7040 32.6900 33.2755 0.2130
32.7982 32.7773 45.4971 0.2134
32.8925 32.8820 33.7748 0.2135
32.9867 33.0042 13.9735 0.2138
33.0810 33.1438 -14.9174 0.2178
33.1752 33.2136 25.6639 0.2193
33.2695 33.2660 49.8627 0.2193
33.3637 33.3183 68.0328 0.2213
33.4580 33.4231 40.8658 0.2226
33.5522 33.5278 38.3703 0.2232
33.6465 33.6499 19.3625 0.2232
33.7407 33.7547 23.0954 0.2234
33.8350 33.8594 17.8011 0.2240
33.9292 33.9467 27.8228 0.2243
34.0234 34.0165 45.7325 0.2243
34.1177 34.0863 56.6118 0.2253
34.2119 34.1910 37.0707 0.2257
34.3062 34.2957 33.7764 0.2258
34.4004 34.4004 29.8832 0.2258
34.4947 34.5052 25.3875 0.2260
34.5889 34.6448 -11.5218 0.2291
34.6832 34.7146 29.4569 0.2301
34.7774 34.7670 54.0549 0.2302
34.8717 34.8368 56.7110 0.2314
34.9659 34.9415 37.3695 0.2320
35.0602 35.0462 34.2749 0.2322
35.1544 35.1509 30.5813 0.2322
35.2487 35.2557 26.2853 0.2322
35.3429 35.3778 5.4890 0.2335
35.4372 35.4651 23.3277 0.2342
35.5314 35.5349 40.6403 0.2343
35.6257 35.6047 50.9206 0.2347
35.7199 35.6920 46.6939 0.2355
35.8142 35.7967 35.3710 0.2358
35.9084 35.9014 31.8789 0.2358
36.0027 36.0061 27.7825 0.2358
36.0969 36.1283 7.1823 0.2368
36.1911 36.2156 25.2258 0.2374
36.2854 36.2854 42.7362 0.2374
36.3796 36.3552 53.2162 0.2380
36.4739 36.4425 49.1892 0.2390
36.5681 36.5646 22.1559 0.2390
36.6624 36.6694 26.2881 0.2391
36.7566 36.7566 37.3065 0.2391
36.8509 36.8963 -7.4319 0.2411
36.9451 36.9835 18.2377 0.2426
37.0394 37.0359 50.8594 0.2426
37.1336 37.1057 53.1161 0.2434
37.2279 37.2104 33.3789 0.2437
37.3221 37.3151 29.8798 0.2437
37.4164 37.4024 41.7021 0.2439
37.5106 37.5071 29.5806 0.2440
37.6049 37.6468 -6.5299 0.2457
37.6991 37.7340 -31.8233 0.2469
37.6991 37.7689 -48.7922 0.2518
37.6991 37.7689 -35.9397 0.2567
37.6991 37.7340 -8.1132 0.2579
37.6991 37.6991 4.8675 0.2579
37.6991 37.6642 19.8397 0.2591
37.6991 37.6468 20.9039 0.2619
37.6991 37.6642 -0.4392 0.2631
37.6991 37.6817 -5.9279 0.2634
37.6991 37.6817 3.4933 0.2637
37.6991 37.6817 4.4916 0.2640
37.6991 37.6991 -10.4201 0.2640
37.6991 37.6991 -1.9972 0.2640
37.6991 37.6817 13.9127 0.2643
37.6991 37.6991 -9.4218 0.2643
37.6991 37.6991 -0.9989 0.2643
37.6991 37.6991 -0.9989 0.2643
37.6991 37.6991 -0.9989 0.2643
37.6991 37.6991 -0.9989 0.2643
37.6991 37.6991 -0.9989 0.2643
37.6991 37.6991 -0.9989 0.2643
37.6991 37.6991 -0.9989 0.2643
37.6991 37.6991 -0.9989 0.2643
37.6991 37.6991 -0.9989 0.2643
37.6991 37.6991 -0.9989 0.2643
37.6991 37.6991 -0.9989 0.2643
37.6991 37.6991 -0.9989 0.2643
37.6991 37.6991 -0.9989 0.2643
37.6991 37.6991 -0.9989 0.2643
37.6991 37.6991 -0.9989 0.2643
37.6991 37.6991 -0.9989 0.2643
37.6991 37.6991 -0.9989 0.2643
37.6991 37.6991 -0.9989 0.2643
37.6991 37.6991 -0.9989 0.2643
37.6991 37.6991 -0.9989 0.2643
37.6991 37.6991 -0.9989 0.2643
37.6991 37.6991 -0.9989 0.2643
37.6991 37.6991 -0.9989 0.2643
37.6991 37.6991 -0.9989 0.2643
37.6991 37.6991 -0.9989 0.2643
37.6991 37.6991 -0.9989 0.2643
37.6991 37.6991 -0.9989 0.2643
37.6991 37.6991 -0.9989 0.2643
37.6991 37.6991 -0.9989 0.2643
37.6991 37.6991 -0.9989 0.2643
37.6991 37.6991 -0.9989 0.2643
37.6991 37.6991 -0.9989 0.2643
37.6991 37.6991 -0.9989 0.2643
37.6991 37.6991 -0.9989 0.2643
37.6991 37.6991 -0.9989 0.2643
37.6991 37.6991 -0.9989 0.2643
37.6991 37.6991 -0.9989 0.2643
37.6991 37.6991 -0.9989 0.2643
37.6991 37.6991 -0.9989 0.2643
37.6991 37.6991 -0.9989 0.2643
37.6991 37.6991 -0.9989 0.2643
37.6991 37.6991 -0.9989 0.2643
37.6991 37.6991 -0.9989 0.2643
37.6991 37.6991 -0.9989 0.2643
37.6991 37.6991 -0.9989 0.2643
37.6991 37.6991 -0.9989 0.2643
37.6991 37.6991 -0.9989 0.2643
37.6991 37.6991 -0.9989 0.2643
37.6991 37.6991 -0.9989 0.2643
37.6991 37.6991 -0.9989 0.2643
37.6991 37.6991 -0.9989 0.2643
37.6991 37.6991 -0.9989 0.2643
37.6991 37.6991 -0.9989 0.2643
37.6991 37.6991 -0.9989 0.2643
37.6991 37.6991 -0.9989 0.2643
37.6991 37.6991 -0.9989 0.2643
37.6991 37.6991 -0.9989 0.2643
37.6991 37.6991 -0.9989 0.2643
37.6991 37.6991 -0.9989 0.2643
37.6991 37.6991 -0.9989 0.2643
37.6991 37.6991 -0.9989 0.2643
37.6991 37.6991 -0.9989 0.2643
37.6991 37.6991 -0.9989 0.2643
37.6991 37.6991 -0.9989 0.2643
37.6991 37.6991 -0.9989 0.2643
37.6991 37.6991 -0.9989 0.2643
37.6991 37.6991 -0.9989 0.2643
37.6991 37.6991 -0.9989 0.2643
37.6991 37.6991 -0.9989 0.2643
37.6991 37.6991 -0.9989 0.2643
37.6991 37.6991 -0.9989 0.2643
37.6991 37.6991 -0.9989 0.2643
37.6991 37.6991 -0.9989 0.2643
37.6991 37.6991 -0.9989 0.2643
37.6991 37.6991 -0.9989 0.2643
37.6991 37.6991 -0.9989 0.2643
37.6991 37.6991 -0.9989 0.2643
37.6991 37.6991 -0.9989 0.2643
37.6991 37.6991 -0.9989 0.2643
37.6991 37.6991 -0.9989 0.2643
37.6991 37.6991 -0.9989 0.2643
37.6991 37.6991 -0.9989 0.2643
37.6991 37.6991 -0.9989 0.2643
37.6991 37.6991 -0.9989 0.2643
37.6991 37.6991 -0.9989 0.2643
